1 48
1 26514
3 2 18268
3 2 29445
1 27185
2
3 2 27739
1 6678
2
3 2 3794
1 16885
3 3 12572
1 32617
2
1 6145
3 1 14140
2
2
3 1 17972
3 1 23034
3 1 12390
1 2846
2
3 2 1795
1 1688
3 3 17759
1 28017
2
2
3 2 30248
1 7203
3 1 3944
1 25007
1 8155
1 19681
1 21987
2
1 11825
2
3 5 32223
3 5 6701
3 6 13309
1 16973
2
3 6 16556
1 23403
1 14267
2
1 9922
1 25350
2
2
1 3266
3 8 31945
2
2
3 4 19187
1 8750
3 1 7912
1 30919
3 8 27357
1 32181
2
1 7146
3 7 11891
2
1 13766
3 6 23757
2
3 5 31135
1 24859
1 7447
2
1 2138
2
3 2 12412
1 30584
2
3 2 6589
3 4 18871
3 8 20958
1 8457
3 5 8650
3 5 26773
1 28309
1 13309
3 3 18722
1 14697
2
2
1 24010
1 27047
2
2
2
1 32463
3 4 11733
3 3 11151
1 11046
3 8 21581
1 7312
2
2
1 25910
2
2
3 8 15216
3 6 25099
3 9 11088
3 1 10532
2
2
3 5 11631
2
2
3 4 7613
1 10780
3 2 531
1 25635
2
1 22244
3 8 3429
1 21774
3 2 25287
1 20867
2
1 3017
2
1 14356
3 10 772
2
3 7 20259
3 4 23824
3 7 7540
3 6 29285
2
3 1 6971
2
2
1 11211
2
1 18888
2
2
3 5 24666
3 3 11329
2
3 3 3898
1 23549
3 4 5107
1 3765
2
2
1 14479
2
1 19636
1 19829
1 12515
1 23060
3 7 3968
3 8 13467
2
2
3 4 22863
2
3 3 15712
3 5 5785
2
1 1491
2
2
2
3 2 19425
3 2 3584
1 11202
1 30359
3 1 5026
3 2 9196
3 3 12532
1 22953
2
2
3 3 28145
3 3 20628
3 1 28422
1 26587
3 2 27214
2
1 12538
1 20782
1 17368
3 5 5620
3 2 11325
2
3 3 32432
3 2 3207
2
3 1 17072
3 1 15156
2
1 29935
3 4 4443
1 32294
1 481
1 11602
3 1 27938
3 7 1794
2
3 6 22333
1 24753
2
2
3 1 18065
1 14654
3 5 16784
3 1 1586
1 792
2
3 2 19071
1 25194
3 2 20395
1 6167
2
1 9837
2
1 8784
3 6 12085
3 8 13328
2
2
2
1 6705
2
3 3 10082
3 3 26689
1 29827
1 29379
2
3 5 5155
2
1 14230
1 30745
3 4 250
2
3 3 31642
2
1 9122
3 2 22756
1 19072
1 9595
2
3 5 14347
2
1 20766
1 15541
3 4 17848
3 7 21023
2
2
1 21930
3 6 26506
3 1 15118
1 27368
3 3 14968
3 4 28603
3 4 4285
1 14125
1 24545
2
3 3 23825
3 1 18296
2
3 8 17010
2
1 18952
1 18055
2
1 17444
1 6201
3 1 1434
3 9 7940
3 10 11522
1 30935
1 21670
1 12118
3 13 6315
3 11 27593
3 2 9063
2
3 7 29396
2
2
2
1 12986
3 5 13549
1 27084
2
3 3 26349
2
3 9 19684
3 3 1707
2
1 27898
2
1 29021
3 7 23456
3 2 16131
1 31419
2
2
3 5 1511
1 10162
1 7636
3 10 19079
3 9 17876
3 5 28856
2
3 6 11896
3 9 32509
1 23943
2
1 13148
2
1 32272
3 6 24258
3 8 9665
1 6872
1 286
1 28701
1 77
3 12 2826
2
1 24290
2
2
1 22317
3 6 1145
3 12 26871
2
2
1 31704
3 1 19116
2
1 6918
2
1 21492
1 15022
3 11 6462
2
1 14961
1 32750
1 21111
1 31828
2
2
2
3 13 31465
2
1 26420
2
3 11 23155
1 15269
2
3 12 9321
1 26107
1 16805
1 6924
2
2
3 8 29714
2
1 24984
3 1 12140
3 1 1693
2
2
3 1 5864
3 8 11775
3 1 20572
3 6 18752
1 5944
2
3 7 28913
2
3 4 11440
1 10112
1 31176
3 2 4877
3 12 29000
2
3 9 34
2
1 19132
1 22963
2
2
3 5 13375
3 8 1215
3 9 30213
3 9 13514
2
1 32450
3 10 26943
1 7777
3 9 31820
1 7789
1 12543
1 2398
3 14 29743
3 8 18178
3 14 31451
3 3 4506
3 12 1876
2
1 11131
3 1 23058
2
2
3 8 2580
3 7 18202
2
1 20472
3 9 12038
3 3 4552
1 15485
2
2
1 19851
1 9350
3 1 18385
2
1 7508
1 26460
3 11 25317
3 5 2832
3 11 31776
2
3 1 27996
2
3 7 13284
2
2
3 9 7391
2
3 4 28350
2
3 4 28114
2
2
1 30139
1 11957
3 1 18885
3 1 4910
3 4 7131
3 6 15489
3 4 22246
1 22830
2
3 5 27720
1 17522
1 27701
1 5977
1 29579
1 30013
2
2
2
3 9 14437
2
2
3 1 18138
3 3 28349
2
1 24458
3 1 15092
3 4 24567
1 11122
1 13758
1 32709
3 8 3869
1 8290
1 17465
1 19251
1 11834
2
1 14441
2
3 14 16532
1 31593
3 5 18847
3 6 32214
2
1 27626
1 23110
3 4 12688
2
3 14 15726
1 8363
1 17401
1 25527
1 20952
2
3 13 20351
3 8 13462
1 29439
3 19 5441
3 14 16478
2
2
3 17 16787
1 5667
2
2
3 5 14064
3 10 12915
2
2
2
2
2
3 5 19012
1 15980
3 1 23856
3 8 23302
2
2
2
3 3 20269
2
3 2 29609
1 27208
2
1 5360
3 3 6268
1 25921
2
2
2
3 5 20924
3 6 7438
2
3 6 19392
3 4 24206
2
2
3 2 7368
3 1 27694
3 3 9526
1 8911
2
3 2 32542
2
3 3 23325
1 4215
3 3 22556
2
2
1 15225
1 6096
3 3 8129
3 4 18498
2
3 2 27708
3 3 5314
2
3 1 6196
1 32031
3 1 17718
2
1 32009
1 30864
1 8001
3 3 23822
2
3 1 6045
2
2
3 1 13138
1 27677
1 24820
3 2 27146
1 5716
1 16240
2
2
1 13097
2
3 2 32151
3 4 23546
1 10730
1 24956
1 13634
1 15519
3 1 1745
3 2 13818
3 6 10204
1 7524
3 7 22260
3 4 26631
1 11431
3 6 12946
3 4 27541
2
3 4 22689
2
2
3 6 3235
2
3 4 15860
1 3249
1 7889
2
1 7173
2
1 8208
2
2
2
3 3 6397
1 20731
2
1 16489
1 28042
1 9164
1 901
2
1 3371
1 5834
3 1 5389
1 31498
2
1 9313
3 4 2070
1 16472
2
1 27832
2
2
1 8978
3 2 28474
2
1 19399
2
1 11192
3 4 613
3 4 27005
2
2
2
1 14576
3 7 21080
3 7 7304
2
3 8 831
2
2
1 30030
1 18252
1 23481
3 3 7685
3 6 26283
2
2
2
2
2
2
1 2374
1 19052
3 5 4581
1 22692
3 3 28093
3 6 5885
1 28945
1 22170
1 4170
2
2
2
1 19845
3 3 28852
2
2
1 30360
1 30281
1 3832
1 20177
3 6 29402
3 9 11098
2
3 1 28487
3 7 30438
2
3 3 22028
3 3 27079
1 140
2
1 15509
2
2
3 5 6247
3 2 5344
3 2 29769
2
2
1 32696
1 22117
2
2
1 29066
1 15326
2
2
3 2 2375
1 24107
3 4 17685
1 15802
2
1 11439
2
3 2 7113
2
1 17295
3 1 22010
2
1 12176
2
3 2 20327
3 1 4252
1 1555
3 1 113
2
3 1 27875
1 16682
2
2
2
3 1 14809
3 1 1356
3 2 22390
3 1 30260
3 2 11081
3 2 3379
1 18982
2
3 1 3396
3 2 26215
3 2 27576
1 8425
2
3 2 16456
3 2 11554
1 6503
3 3 28570
2
3 2 1508
3 2 19782
1 4094
1 26670
2
2
3 2 6940
3 2 7356
3 2 16621
3 1 15564
1 20360
3 2 22354
1 12113
3 3 29030
2
2
3 1 25259
1 16396
1 6144
2
2
1 24479
2
1 28303
1 3317
2
3 3 9371
1 15439
1 23787
2
2
3 1 24430
1 22515
1 9298
3 2 32407
1 16898
2
1 13277
3 2 22394
2
2
3 4 10766
2
1 31773
2
3 1 26490
1 22620
3 4 980
2
2
3 2 11199
3 2 31026
1 28996
1 22258
1 5156
2
2
1 25486
1 314
1 24001
2
2
2
2
3 2 8075
3 2 1096
3 2 14787
3 2 29284
1 8784
2
1 24022
3 2 10318
3 3 13452
1 2484
3 1 27644
2
2
3 1 27264
3 1 24071
3 1 25126
1 14656
1 14843
3 1 25279
2
1 8796
3 2 10612
2
1 6322
2
1 27009
3 1 31586
3 4 31301
3 3 18897
2
3 2 28148
1 5663
3 1 29354
3 2 4658
2
1 29374
1 11480
3 2 7908
2
1 7005
1 9021
1 83
3 2 9125
3 7 8023
3 4 1467
1 13117
1 7016
1 24280
3 1 14215
3 3 26360
2
3 9 10739
2
3 8 22358
1 15611
3 9 7908
2
2
2
1 21485
2
3 4 11683
2
3 5 10819
1 4702
3 5 22448
2
2
2
2
1 20903
2
3 1 11788
3 2 14888
3 2 28414
3 2 5719
3 1 701
1 29849
1 12155
3 2 25618
1 20111
2
3 2 25431
3 4 4581
1 32542
1 11133
3 5 2676
1 14465
2
2
3 3 32461
1 30956
2
2
2
2
3 2 8536
1 26022
1 32205
3 3 17883
1 15853
2
3 1 7648
1 12519
1 25156
2
2
1 15054
2
3 4 24377
3 2 26188
1 32682
3 5 504
3 5 14663
3 4 16974
3 1 5016
1 21933
3 5 3636
1 19336
2
3 1 23713
2
3 2 2102
3 4 13372
2
1 5411
2
3 3 12676
3 4 23023
2
2
1 14777
2
3 1 14563
3 1 10091
3 2 14332
1 11679
2
1 10514
2
3 2 14
3 2 1835
1 29271
3 1 15294
1 11772
1 3333
2
3 4 15843
3 1 25207
3 4 21864
3 3 15266
2
2
1 29697
3 1 29800
2
1 9357
3 1 7280
2
3 2 28731
3 2 26837
1 12261
3 2 2169
3 2 23425
1 15178
2
1 7818
1 7474
3 1 12706
3 3 14218
1 11310
3 1 18535
2
3 1 15713
1 17045
1 7208
1 22957
1 8128
2
1 27356
3 9 9911
3 1 31221
2
3 1 10030
2
2
2
1 28152
2
1 28569
2
3 5 14346
2
2
3 3 25876
2
1 14903
3 1 10181
1 24985
2
1 23537
3 1 11407
1 7099
1 73
2
1 22369
3 5 30062
1 4320
1 28362
3 5 20239
3 3 11652
3 6 3008
2
3 7 25509
1 6351
1 20698
1 2029
1 2099
2
3 3 18206
3 8 3863
1 24897
3 10 26079
2
2
2
3 2 21826
1 6807
3 5 23948
3 4 2614
3 8 30547
1 22779
3 8 19561
2
1 2071
2
2
2
2
1 8573
2
3 4 170
2
3 1 31309
3 2 27592
1 4368
1 3535
3 4 858
1 24102
3 6 31337
1 29327
2
3 2 26949
3 3 22106
1 13358
3 3 18620
1 24043
2
3 7 12194
1 1739
3 6 29140
1 15407
1 21261
2
1 15692
3 8 8094
3 6 29455
3 1 4845
1 11493
3 13 18416
2
1 24953
2
2
2
2
2
2
2
2
2
2
2
3 2 27578
3 2 1225
3 1 19485
1 5333
2
1 31691
1 26995
3 4 31888
3 1 3156
2
1 23484
2
3 1 17968
2
3 1 18495
1 23354
1 16083
3 2 15195
3 3 30092
3 1 21461
3 3 22796
1 30792
3 5 25324
3 2 25568
2
2
3 3 9193
3 3 21172
1 11946
2
2
3 1 21828
1 23427
1 11380
2
1 19736
1 340
1 29540
2
3 2 5803
3 2 7468
1 11940
1 29480
3 3 21321
3 7 17794
2
3 6 21253
1 209
3 6 30038
1 13338
1 10544
3 6 22547
2
1 5686
2
1 4925
2
3 2 23919
3 6 9703
3 4 1917
2
3 4 28070
2
2
1 752
1 7931
1 28859
2
2
1 13748
1 13146
3 4 13465
3 2 18602
1 29828
3 8 19060
3 8 26599
2
3 4 21037
2
2
1 22322
1 22883
3 6 21317
1 28049
2
1 22782
1 23538
3 2 12338
3 3 7728
3 5 25817
3 8 32070
3 8 23001
2
3 1 24924
1 11105
2
2
1 7502
2
2
1 29384
1 31278
1 22450
1 27681
1 24953
1 11045
2
3 2 22371
3 12 17858
2
2
2
1 17382
2
2
3 6 30175
1 15042
2
1 18980
2
2
3 2 13630
1 14319
2
2
3 6 16077
3 2 9480
3 4 1412
3 3 23097
2
1 13025
3 4 32334
3 2 30543
3 1 19798
2
2
3 1 21219
3 2 28814
2
2
1 32010
2
1 15928
2
3 2 1432
1 1046
1 29248
1 5539
2
2
3 1 9789
2
3 1 22903
3 1 31593
3 2 5895
1 17156
1 32124
2
3 2 16261
2
1 9117
3 1 10095
2
1 14019
3 2 3984
1 29163
1 6972
2
3 3 26555
3 4 4406
1 26004
2
3 2 694
1 13957
3 4 18805
1 24764
2
1 26021
1 5079
1 28784
1 17920
1 29220
2
3 2 16310
2
1 7227
1 26001
1 23416
2
3 9 5583
2
1 28170
2
2
3 2 21109
3 3 10760
3 2 32158
3 3 25936
1 13397
1 5664
1 30349
1 20834
1 23104
3 5 29902
1 32433
1 27791
2
2
3 4 20320
1 12283
3 7 14326
1 2441
3 12 11579
2
2
3 1 1671
2
2
2
3 10 12966
2
3 7 10947
1 8241
1 21418
2
1 885
3 2 29206
2
1 15624
2
2
3 4 23632
3 2 18886
2
3 1 18926
3 6 7830
1 32622
2
1 7026
3 4 3592
1 11067
3 7 28801
1 8918
1 11981
3 11 15503
1 18647
1 6585
2
3 3 24265
1 31011
1 19661
1 21200
2
3 1 4114
2
2
3 8 8942
2
2
1 20745
1 32435
2
3 6 2686
2
2
1 16696
3 3 4277
1 3803
3 6 10315
1 31225
3 12 17121
2
2
3 11 17314
2
3 1 9761
2
3 8 1290
2
3 8 30183
2
3 4 28124
1 2896
1 30007
2
2
3 7 27522
3 1 28789
1 25576
3 6 8552
1 5034
1 10718
1 11580
3 9 8617
1 19221
2
3 2 12374
1 24870
1 7569
2
3 12 8166
2
3 1 24365
3 2 29287
3 4 4382
3 8 2874
1 32427
2
2
2
2
1 24773
2
2
3 5 26501
1 307
1 15666
1 25978
2
2
2
1 22262
2
3 1 22148
3 3 13908
3 5 26903
3 2 1420
2
3 5 26752
3 4 22142
3 1 8006
1 11060
1 17834
1 12339
3 5 24189
1 8285
1 6587
1 23813
2
2
2
3 7 5209
3 6 29685
1 10182
3 9 1437
1 12408
2
3 1 17216
2
2
1 22752
2
2
2
3 6 3780
3 5 18292
3 5 24581
1 12640
3 2 5773
2
1 1225
1 18706
1 5879
1 31901
1 14159
1 15577
3 10 26262
2
3 7 15033
1 16764
3 8 18848
2
2
2
1 7318
2
3 9 22811
3 4 7396
3 1 19377
1 14343
1 5757
1 2075
2
1 12933
3 12 19074
2
3 4 9191
2
3 8 19471
1 4219
1 21025
3 6 1782
3 11 2061
3 10 19645
3 11 1460
1 30258
1 3994
1 32140
1 20243
1 26035
2
2
2
3 14 17795
2
1 7218
1 10922
1 29306
2
2
3 6 7348
3 8 17905
2
3 13 21731
2
3 2 15703
2
2
1 31113
1 21277
3 3 14642
1 1543
3 10 15833
1 5629
3 1 4891
2
2
2
3 3 14971
3 4 13373
1 1758
1 16069
2
1 31643
3 11 11435
3 3 31937
1 27006
3 12 1326
3 5 908
3 10 2502
3 8 9262
3 10 21406
1 7856
2
2
1 1117
3 12 117
3 4 18852
2
2
3 5 25931
2
1 1582
3 4 23618
2
3 1 2672
3 8 1193
2
2
1 18821
3 7 14480
1 14913
3 2 28767
2
3 1 29754
3 6 1111
3 3 31331
1 7760
3 1 7120
2
3 4 15583
2
1 13948
2
1 23934
2
3 9 24719
2
1 25044
3 2 11350
1 15178
2
1 4673
1 20308
3 6 26120
1 8663
1 3216
1 3532
2
3 8 1135
3 6 22917
3 13 15253
1 14715
3 9 22107
1 10327
3 11 3015
2
2
1 24360
3 11 13395
2
2
1 1811
3 7 3600
1 11149
2
3 4 3770
1 25594
2
2
3 5 9805
1 5005
2
2
2
1 12086
2
2
3 1 11476
3 4 14163
3 1 4097
3 9 10132
1 10642
3 4 26418
2
1 24563
2
3 5 4707
2
1 17235
1 18192
1 26081
2
1 25965
3 10 4558
3 1 29631
2
3 9 9582
1 14120
2
3 9 4996
3 9 12380
2
2
3 6 30076
3 2 1574
3 3 8032
1 29024
2
1 26683
2
2
2
1 8819
3 4 4681
3 6 18539
3 5 5593
1 7059
1 26801
2
2
3 6 15729
3 5 21674
1 10061
1 26250
1 26063
2
1 14445
2
1 2372
3 4 27549
3 8 13542
1 1436
2
2
3 2 14698
1 22718
2
2
2
3 5 26508
3 5 20977
2
1 27582
1 25856
2
1 2870
3 6 3787
1 237
3 9 6569
3 7 1051
3 1 20065
2
2
2
2
1 20260
1 28098
1 10789
1 27535
3 1 7408
3 9 22807
3 9 20860
2
1 11620
1 24583
2
2
2
2
2
1 20934
2
1 11624
1 28951
2
1 32626
3 5 28747
2
3 5 25004
1 2031
1 28858
3 2 13770
2
3 4 10366
3 6 1451
2
1 7449
2
3 5 22025
1 7162
1 28111
3 1 5455
3 3 5255
1 25863
2
2
1 6661
2
1 238
2
3 1 21818
3 1 21313
2
2
1 25346
3 1 17940
3 3 7327
3 3 19170
1 18256
2
1 22871
2
3 4 15405
3 2 19659
1 14681
1 10097
3 6 31338
3 2 19458
2
3 5 6188
1 30047
3 3 29784
3 1 32035
1 7989
3 6 19076
3 3 2690
1 15811
2
3 4 18467
3 4 8771
1 14890
3 8 23047
1 17761
1 2831
1 30794
1 3289
1 30100
2
3 13 3481
3 1 16654
1 16795
3 10 21944
1 22937
3 10 3382
2
1 25679
1 13089
2
3 12 29446
2
1 17424
3 16 32555
2
2
3 8 5998
3 10 18327
1 12835
2
3 7 4635
3 6 25001
1 9221
3 1 9209
2
1 13368
2
1 13480
2
3 13 7281
3 11 5406
3 8 20555
3 3 3853
1 13489
3 12 15344
3 4 10758
3 1 10537
2
1 7144
1 23208
2
2
1 12424
3 6 1005
3 11 32506
2
3 12 28702
2
3 10 30009
2
1 13666
2
2
3 7 6310
3 2 24066
3 1 27298
2
2
1 25040
1 23907
3 11 29737
1 1336
2
1 15725
2
1 28548
2
1 24196
1 2836
3 1 14963
1 8913
1 25028
3 11 24463
2
3 9 26880
1 32357
3 1 8996
1 4906
3 11 12240
1 11978
1 11414
1 15456
1 4953
3 19 21941
2
2
2
3 9 23472
3 8 18982
2
1 13688
3 11 12908
2
1 16483
1 17285
3 3 16711
3 18 8183
3 9 10115
2
3 5 7496
2
1 7976
3 16 23011
2
1 29319
3 5 25602
1 19048
1 16320
1 11806
3 16 29275
1 11014
1 30869
2
2
1 25170
3 21 22332
2
1 2907
2
3 10 30758
2
3 16 19307
2
2
2
3 16 12492
2
2
3 9 7310
2
2
2
3 4 3108
1 23825
2
2
3 9 28228
2
1 29924
3 9 24248
2
1 8738
2
3 2 2389
2
1 14075
1 4084
2
1 13036
1 21381
1 21228
2
2
2
2
3 2 4907
1 14694
1 28432
2
2
2
1 20679
3 4 30968
2
1 20426
2
1 5637
3 2 8128
3 4 5159
2
1 627
1 7552
3 8 22871
2
3 8 25539
3 5 29418
1 8708
3 9 17968
3 5 22621
2
3 6 18002
1 27748
1 14032
3 4 16903
3 8 24554
2
1 13329
1 26587
1 23125
2
2
2
3 1 25726
2
3 5 21077
1 19106
2
1 8113
1 3455
2
3 4 21246
3 7 28238
1 32371
1 10913
2
3 9 8334
3 2 13283
1 3304
1 1558
2
2
1 13560
1 21567
1 3191
3 6 24211
3 10 27335
1 19529
1 16683
3 11 22607
3 15 8362
3 12 9209
1 9729
1 22578
3 2 4746
2
2
1 2896
3 13 15385
3 10 4299
3 6 27499
2
2
3 9 2398
3 9 8702
1 30484
1 15047
3 9 19471
1 11171
1 27096
3 8 29969
3 7 18905
1 13871
1 26902
3 12 19937
2
2
2
1 19113
3 7 28984
1 18161
1 20235
3 17 1439
1 13
3 14 11219
1 29476
1 15010
2
1 1976
2
3 18 10656
2
3 13 1780
2
2
2
1 26006
3 13 29874
3 14 24993
3 6 9412
2
3 15 4456
2
1 17509
1 21176
2
2
3 11 9452
3 4 9340
2
2
3 2 5291
3 9 17608
3 9 26951
2
2
2
3 8 2997
3 10 224
2
1 15514
2
3 1 27538
2
1 21169
3 3 5308
2
1 10827
3 2 20413
3 7 14567
2
3 9 2569
3 2 10025
1 16317
1 27981
3 10 15421
3 4 4254
3 9 10208
1 14699
1 11907
3 8 6738
1 10152
3 6 17232
1 17648
1 19048
1 25534
3 2 23706
3 6 2417
3 12 19946
2
1 15506
2
3 7 10590
2
3 3 31474
2
3 5 17289
1 20311
3 15 24464
1 7876
1 17987
2
2
3 1 7206
2
3 3 15727
3 15 19289
2
3 8 29036
3 14 6063
1 13861
3 12 31198
3 13 11390
1 28930
1 26255
2
1 6723
1 26583
1 2199
1 27297
1 5914
2
3 8 31765
2
1 17160
1 25873
3 2 30140
1 24384
3 11 3973
1 12364
2
3 18 14873
1 14398
2
2
2
1 14384
1 10087
3 19 29188
3 14 23180
1 22683
2
2
2
1 1904
2
2
2
2
2
2
1 28036
2
2
3 2 25779
2
1 23848
2
3 5 25953
1 8847
3 4 22394
2
2
1 21397
3 2 11370
1 7222
3 6 23409
2
1 11263
2
1 8748
3 14 29931
2
3 11 16317
3 5 10256
1 30721
3 6 2811
2
2
2
3 1 28724
3 2 10833
2
2
3 6 16091
2
1 2733
2
3 1 31750
1 24969
3 8 31088
2
2
3 4 16987
3 5 28339
1 14577
2
3 2 29477
2
2
3 3 10714
2
1 28105
3 5 27611
1 30743
2
2
3 4 1501
3 1 21567
3 2 24787
2
1 3378
3 1 16211
3 1 31972
3 4 25062
1 24790
2
3 3 7770
1 8862
3 5 26170
1 19121
3 5 23729
3 6 7587
3 6 25271
1 23664
1 4665
3 2 9653
2
3 4 3253
2
2
2
3 1 2312
1 29471
3 1 9887
1 16106
2
3 1 5624
3 2 25152
2
3 2 666
2
2
1 535
3 3 32613
2
3 1 32003
3 1 17976
1 18542
1 29063
3 3 15027
3 3 27942
1 23298
3 4 30617
1 13123
1 4821
3 7 27108
1 30772
3 5 32736
1 23132
3 7 4116
2
2
1 10954
2
2
1 24778
1 4626
3 8 16735
2
2
1 8988
1 17114
2
3 4 28598
1 26973
3 8 29831
3 8 22974
3 7 9692
1 27139
2
3 7 23141
1 21484
1 32475
1 27746
1 19102
2
2
2
2
2
1 24344
2
2
2
3 1 12676
2
2
2
1 26553
1 11352
1 26961
1 11529
1 22940
2
3 4 24208
1 29375
2
1 19044
2
3 5 10523
1 19618
2
2
1 15229
2
3 5 30008
1 9858
3 6 9552
3 3 28118
3 5 19151
3 2 7818
1 25271
1 13944
1 20084
2
2
3 4 12809
2
2
1 30880
3 6 27115
2
2
3 2 20640
2
3 1 31
2
3 2 22462
3 1 19125
3 1 30904
1 10206
3 3 14500
1 28132
2
2
1 24333
3 3 15560
2
1 10469
2
1 5714
2
1 5850
2
1 551
3 2 26793
3 2 8171
2
1 12032
1 3877
3 4 7193
2
3 3 29861
2
3 2 8914
3 1 3289
3 1 25835
1 1318
1 551
3 4 4956
3 2 7875
3 2 27496
2
2
3 1 11286
3 2 6823
3 2 7110
3 2 6345
3 2 15525
1 24961
1 11873
2
2
1 16365
3 3 28079
3 3 17028
1 22301
3 2 25363
3 1 9222
2
1 32620
2
2
1 30678
3 2 7562
2
3 1 5401
3 1 27513
1 19988
2
1 6659
3 3 31235
3 1 11498
3 1 28041
1 29361
3 1 11206
2
3 2 13545
1 20125
2
2
1 26751
1 9072
1 31550
2
3 2 22783
1 1691
1 21970
2
2
2
1 28713
3 1 13816
1 31229
2
2
3 1 5161
1 15811
2
1 16581
1 24581
3 1 20519
1 11981
2
3 5 337
2
3 2 9436
2
2
3 2 10486
3 2 26703
3 1 15514
3 2 3169
1 11034
1 7851
2
3 1 12650
2
1 755
2
3 1 11647
3 1 17108
1 25169
3 3 13469
3 3 11049
3 2 11856
3 2 25873
3 2 11001
1 10414
1 24197
3 2 30849
1 30636
2
1 31808
3 6 14494
3 2 1783
2
1 23947
1 2147
3 4 10341
2
1 6792
1 2321
1 9744
2
1 19250
3 3 16762
1 19904
2
3 1 1053
3 9 24762
3 8 1205
2
2
2
3 4 15592
3 6 13727
1 16304
3 4 11452
2
1 22182
1 27682
1 2024
2
3 1 3936
2
1 29651
3 3 10304
1 23544
3 6 336
1 14249
1 4065
3 10 14813
3 1 4801
3 10 394
2
1 19153
3 10 29424
2
3 8 18315
3 10 13783
1 4901
1 29821
1 14738
3 8 13506
2
1 17975
2
2
2
1 3530
3 11 27611
2
3 6 13576
3 1 14182
1 9094
1 10837
2
2
1 13337
3 2 30908
3 9 31131
3 6 21499
3 6 15967
2
2
2
3 8 31983
2
3 4 2749
2
2
3 1 1263
2
2
2
1 18099
3 3 16150
1 16069
3 2 2450
1 24800
3 2 12337
3 3 356
3 2 17795
3 1 7309
1 12690
3 6 4260
3 6 23319
1 23177
2
1 8424
1 20784
1 31855
3 5 15974
1 10077
1 22781
3 7 9157
1 1772
2
2
3 5 14874
3 9 17446
2
2
2
1 16962
1 4635
2
2
3 4 11608
3 6 15621
3 1 23197
2
1 24192
3 4 22456
1 22792
2
2
1 13579
3 2 28985
3 6 9343
2
2
1 27666
2
2
2
1 29879
1 16806
1 22021
2
1 18129
1 16424
2
3 3 23694
1 30991
2
1 14488
3 7 26624
2
2
2
3 2 25083
1 3079
2
3 2 3900
3 2 12381
3 4 20395
2
3 1 21660
1 23590
3 2 20829
1 30256
1 13043
3 6 3622
3 3 1869
1 15979
3 1 1033
1 30820
2
3 2 23313
1 8544
2
2
3 6 7967
1 10491
1 17884
1 25485
3 1 5552
3 6 10538
2
3 5 17201
3 1 31622
2
2
2
3 5 15897
2
2
3 3 23986
1 2085
1 25034
3 3 13885
3 3 19079
3 5 27848
3 1 16524
1 8128
2
2
1 23766
2
1 31693
3 4 3587
3 1 7966
2
1 24584
1 23257
2
3 4 32058
1 615
3 2 14059
1 17628
1 24157
2
1 28369
3 3 13574
1 6469
2
2
1 13681
3 6 29395
3 7 18910
1 21223
3 9 23386
1 6453
2
3 4 11349
1 16778
3 9 492
2
1 10998
3 8 11430
3 9 22738
1 23321
1 9442
3 6 11721
3 10 5047
2
3 8 5402
2
3 1 13003
1 3382
2
3 3 3326
3 9 11624
2
3 6 7194
1 28437
1 13372
3 2 8299
3 3 27833
3 9 17588
2
3 5 13846
1 10508
2
3 1 27379
3 10 14217
1 10003
2
3 4 27579
2
2
2
3 4 30682
1 12272
1 5929
2
2
3 3 10440
1 20394
3 1 9246
3 4 453
1 14303
2
1 18886
2
1 18456
3 7 10980
2
2
2
2
2
1 13357
2
3 1 18150
2
2
1 8129
3 3 1067
2
3 1 23841
1 11365
3 1 32197
1 4103
2
2
3 2 4294
3 1 24622
3 2 5050
1 23900
1 20126
3 3 2341
2
2
3 2 3622
3 2 29890
3 1 5919
3 2 28247
3 1 20983
3 2 18736
1 23646
3 2 5666
1 27950
1 3074
1 29266
3 6 23710
2
3 4 27373
3 1 25944
3 5 13878
1 2272
3 3 30378
3 3 2082
3 6 19109
1 32475
3 4 22973
1 11218
1 16573
3 1 3963
1 3458
1 7476
1 8708
1 8083
3 6 31371
1 25817
1 18005
2
3 10 21493
2
1 25452
1 30279
1 19239
1 4667
1 12583
1 11978
1 32337
1 11183
2
1 29568
1 7368
3 21 1818
2
1 7607
1 30760
2
2
2
1 7580
1 12655
1 21238
2
1 1339
1 24837
3 10 7315
1 20395
2
1 30243
2
2
3 23 4987
1 8961
3 3 11021
1 10471
2
2
3 20 4020
2
1 26227
2
3 8 18504
1 28757
2
1 1198
3 14 6821
3 18 15992
2
2
2
3 18 1948
1 27248
3 17 27864
3 14 24863
2
2
1 23297
3 16 4745
3 17 14988
3 18 10473
2
3 16 13389
3 3 227
1 13203
3 8 6432
2
3 4 19367
1 28852
3 13 6832
1 17211
1 6389
3 9 5504
2
1 5102
2
1 16361
3 3 30982
1 28410
3 16 11740
2
1 14928
2
2
3 1 17412
2
3 9 9320
2
2
3 18 25653
3 1 12617
2
1 2361
3 12 11776
3 6 14004
3 15 19669
2
3 16 12248
1 12336
2
1 29839
1 20371
3 4 31878
2
2
3 1 22110
2
1 29206
3 4 15558
1 23459
1 8344
1 20626
2
2
3 16 31073
3 16 31871
2
1 3806
2
2
2
1 1381
1 13763
1 19507
2
3 5 23884
2
2
1 20523
3 15 8038
2
1 23633
3 8 25689
2
1 28646
3 13 1675
3 10 4639
2
2
1 2989
3 11 4770
3 12 553
3 8 12722
1 13672
3 16 4381
1 26134
3 16 14055
1 28507
2
3 9 4471
2
1 32768
2
3 8 29966
2
3 8 1359
3 8 11722
1 20598
3 10 3218
2
1 30250
2
2
3 11 6425
3 11 14531
1 23436
1 22038
1 7923
2
3 14 1906
2
2
2
2
1 14569
1 12758
3 7 25712
1 12026
2
2
2
1 32614
2
2
3 1 10613
3 1 29489
1 24127
3 12 6742
1 5239
3 1 21455
3 1 18000
1 9138
2
2
3 4 3502
1 15582
2
1 25704
3 6 3771
3 11 15799
2
1 776
1 29862
1 15294
1 211
2
3 6 11046
3 8 19029
3 1 20660
2
1 20041
3 9 21536
3 9 31384
3 2 1994
2
1 29715
1 7977
3 12 14631
1 7413
1 3727
2
3 12 27821
2
1 14102
3 16 3608
1 17642
2
3 13 14859
1 16832
3 15 20247
3 1 8881
1 12892
1 24050
2
3 9 19910
1 1473
2
1 25519
3 12 2244
1 11847
3 12 3405
1 30022
2
2
1 5855
1 4075
3 18 27234
2
3 2 8967
2
2
3 16 30535
1 3769
3 1 16688
3 10 16756
1 5555
1 11836
2
1 4785
1 5907
1 6417
3 17 4503
3 23 3976
3 22 1796
3 24 22248
3 18 25450
2
1 17745
1 30329
2
1 8242
3 10 26435
1 6752
3 8 4292
3 18 20975
2
2
2
3 10 9648
3 14 19720
3 3 27990
2
1 8734
1 22590
2
2
3 2 24651
2
1 13819
2
2
3 14 2707
3 6 20804
1 23086
2
3 3 8571
1 29393
2
1 2321
2
2
3 9 25998
2
2
2
3 6 9980
3 11 2432
1 19551
1 30936
2
1 76
3 14 1219
1 22625
1 802
1 19577
2
3 10 5673
3 8 16368
3 13 10555
3 4 18130
1 21647
1 10256
2
2
2
1 29398
3 11 32433
2
2
3 13 15663
1 22370
3 19 15741
3 16 21043
3 14 26350
1 7631
1 19606
2
3 8 2231
1 23598
2
2
1 23911
1 27848
1 16215
3 21 1350
1 27435
3 8 10749
3 23 21579
2
3 22 12735
3 19 12175
1 28308
1 26726
3 13 29848
2
3 18 13857
3 17 2975
3 23 14223
1 1338
3 3 9151
2
3 6 26324
1 26623
1 14754
2
1 24299
2
2
3 23 3634
2
1 14945
2
1 28296
2
1 27355
2
2
3 20 32758
2
2
1 9396
3 4 20811
1 21864
3 13 20036
1 24650
2
1 27760
2
1 18988
2
3 7 17345
2
2
1 24076
1 7027
3 17 20493
1 29331
3 18 5765
3 19 32271
3 16 23695
3 17 25129
1 4568
1 15816
2
3 5 20874
3 5 15364
3 23 24875
3 4 2638
3 17 24536
2
3 11 29850
2
1 12374
1 27952
2
1 25988
1 15371
2
3 20 20938
1 31186
3 9 22042
2
1 9679
2
3 6 23325
1 3640
1 23503
3 24 11163
2
3 20 23407
3 11 10490
1 26034
2
3 9 7470
1 431
3 7 31286
3 21 7534
3 20 31441
3 12 24477
2
2
3 22 17034
2
3 1 5780
1 31690
1 28108
3 11 27105
3 10 768
3 13 14658
1 29638
2
1 32207
3 8 25420
2
3 23 26578
2
2
2
2
2
3 14 18464
3 5 6282
3 8 543
3 1 79
3 12 7323
1 21520
3 6 7555
1 32703
3 5 10003
2
2
2
2
2
1 22939
1 5294
2
2
1 143
3 16 20389
3 10 16837
3 8 26026
3 15 17821
2
3 1 12243
3 9 5363
2
2
3 10 17795
1 48
2
1 807
1 22528
1 10224
1 29275
2
1 18920
2
2
1 3987
3 15 2257
2
1 1881
3 10 5496
1 29797
1 26787
1 31883
2
2
2
3 7 16150
3 17 24343
3 15 10514
2
2
1 7047
1 32731
1 7596
2
3 8 4
2
1 23238
3 1 30007
2
3 5 10354
3 7 27171
3 7 8405
1 27383
2
2
1 5848
3 7 5949
1 12931
2
3 3 16350
3 4 18958
1 29006
3 4 17448
3 7 2969
1 3057
3 1 21768
3 16 13485
3 16 12218
3 11 26651
3 18 11064
1 28996
3 9 32525
2
3 8 18377
1 22514
3 16 24199
3 16 17570
1 26936
1 17896
1 15155
1 20322
3 16 22827
2
3 2 12527
1 354
3 4 3465
3 14 26971
1 6477
2
3 11 29765
3 4 13089
2
3 13 3623
3 7 22151
3 14 23728
1 6310
1 9616
1 19922
2
2
2
1 23964
2
1 14997
2
1 2961
1 29015
3 11 3479
1 23238
3 24 5159
2
1 16517
3 23 2721
3 2 20043
1 3026
1 27053
2
2
3 24 19612
3 16 12306
1 24632
3 19 26946
1 22696
1 7277
1 24411
2
2
3 11 25804
1 14950
1 17448
1 5765
1 18285
1 2235
1 2861
2
2
2
2
2
2
2
2
3 12 24398
1 19479
2
2
1 3853
3 5 10070
3 18 1323
2
3 18 1052
3 24 21477
2
2
2
1 5825
2
3 3 3791
1 10416
3 12 366
2
2
1 20667
1 25789
1 17085
2
3 5 7911
2
2
1 25315
2
3 20 26500
2
2
3 18 18426
3 11 9551
1 13871
1 2055
3 6 28345
3 11 12145
2
1 16632
2
1 8602
3 16 12459
2
3 9 13602
3 10 20199
1 3761
1 5716
2
1 14935
2
3 7 18623
3 11 20416
2
2
2
2
2
1 30869
3 4 16233
2
2
1 17633
2
2
2
2
2
1 3339
3 5 28274
2
3 1 6714
3 8 31763
3 4 32698
3 2 4696
1 26983
1 29866
2
3 7 2815
1 6115
1 7804
1 10202
2
2
3 1 15101
3 10 12156
1 26721
1 27999
2
2
2
2
1 26322
1 1480
2
3 4 14196
3 5 13058
1 8162
3 12 30125
1 18864
1 5465
3 1 6833
2
1 32076
2
1 17540
2
1 13020
2
3 3 29376
1 7003
2
3 2 13384
2
3 12 25594
3 12 4961
3 6 26816
3 5 6617
3 9 19454
1 23904
3 12 10933
1 8200
2
1 18776
1 25782
3 9 29229
1 23937
3 10 13671
1 22148
1 29736
1 32202
1 11500
1 26489
1 17983
2
3 15 16384
1 14911
1 16579
3 10 11630
1 5111
2
2
1 16775
2
2
2
2
3 14 5895
1 23424
3 9 10983
3 7 12759
1 29559
1 18630
3 12 21962
1 21783
3 7 28122
2
1 20756
2
3 15 15746
1 22621
1 11525
2
1 31977
2
1 17691
1 1564
1 22395
1 864
3 11 3195
2
3 23 3371
3 26 10986
3 5 4890
2
3 1 7108
1 180
2
3 4 20749
2
2
1 18508
1 6186
2
2
3 9 16997
3 5 13795
1 5264
3 5 4652
1 13558
1 31897
2
3 22 23337
3 12 11154
2
3 12 4482
3 21 3072
2
3 17 13726
2
3 11 6486
1 23016
3 13 6873
1 10601
1 25893
2
1 24080
3 13 3322
2
3 10 4520
3 18 8272
1 9507
1 8760
2
3 16 10625
3 25 15514
1 3256
2
1 26886
2
1 9870
3 24 14947
3 21 8385
3 15 12092
3 17 4752
3 26 2800
2
1 2415
3 19 31595
1 10850
1 16152
2
3 11 17647
1 12096
2
1 15156
2
1 4785
3 17 28775
3 12 27328
3 16 12044
1 8004
1 15545
2
3 26 12013
3 5 27148
3 4 12528
1 18756
2
1 19499
3 15 26167
1 2620
1 25928
2
3 30 16501
2
1 20013
2
3 2 3068
2
3 27 18850
1 24094
1 18258
3 31 1592
3 22 29454
2
3 16 21699
3 22 9326
2
3 2 4333
3 11 28267
3 29 19877
2
2
1 14490
1 29201
1 23392
3 23 14458
3 8 28767
1 31066
1 3473
2
3 25 25249
1 16681
1 17778
1 8178
2
3 19 18262
1 21551
3 14 19031
1 9274
1 19487
1 8733
2
1 20679
1 8890
3 28 22406
1 2520
1 1217
1 12779
3 18 17554
3 2 7498
3 39 12059
2
1 28353
1 404
1 16117
1 21395
3 12 20153
3 26 21294
2
3 29 6463
3 19 3434
2
2
2
3 2 29484
3 17 8154
2
1 16164
3 31 16044
1 20981
1 32003
2
3 5 3654
3 27 21913
2
2
3 35 31451
2
2
2
3 23 11365
1 21911
2
1 1770
3 3 10684
1 27433
2
2
3 6 20841
2
3 8 20799
3 16 16822
2
1 28043
2
3 29 15793
2
1 25131
1 4366
3 22 8285
3 25 32029
1 6836
3 31 15463
2
1 17583
2
3 14 20494
1 17445
2
3 14 6107
1 15479
1 26147
2
2
3 21 3430
1 14136
3 20 28235
3 33 26871
2
2
3 17 27385
1 9400
1 1009
2
2
2
1 10141
1 9908
3 34 10363
3 34 2987
3 28 27449
2
1 24806
1 32750
2
2
1 26553
1 1124
2
1 14456
2
2
2
3 2 12461
2
3 31 17698
2
2
1 14608
1 7323
2
3 20 30869
2
1 27687
1 22799
3 28 347
2
1 14985
3 25 12427
1 16571
3 27 14274
3 29 4348
1 29151
2
1 31187
2
2
1 21256
1 8940
2
2
1 17001
1 12210
2
1 30480
1 4174
2
1 6735
3 13 29649
1 31630
3 12 28150
2
2
3 5 30163
3 19 10834
2
2
3 21 32303
3 14 17441
3 25 19846
2
2
2
2
1 21273
1 26849
3 1 25267
2
2
2
2
2
2
3 19 26650
2
3 21 25966
2
1 17637
1 20115
3 1 395
2
1 5763
3 13 9099
3 10 15242
2
3 4 20778
1 10782
2
3 20 13799
2
1 13742
2
2
2
2
1 7649
1 3786
1 2183
3 5 18889
2
2
2
3 17 29510
1 10838
3 9 4055
1 20010
3 11 15368
1 32303
1 16005
1 4291
3 14 11358
1 12444
2
3 18 20406
3 7 15306
2
3 11 13367
3 3 946
3 23 29121
2
2
2
3 10 6761
1 4503
2
1 14146
1 25852
1 25632
2
3 2 14122
2
3 20 31692
3 20 19237
1 871
3 3 9962
1 18633
3 2 16395
1 18066
1 8343
3 14 11884
3 7 14858
2
3 6 18645
2
1 25474
3 8 28051
1 22744
2
1 21054
3 18 14101
2
1 22352
3 5 30451
1 16909
1 29297
3 14 23616
2
2
2
3 7 16434
3 21 24967
3 24 21431
3 3 22053
1 31387
3 20 27891
3 23 32067
1 13268
3 26 2645
2
2
1 14517
1 32366
1 27941
1 18198
1 13917
3 11 12831
3 29 23743
1 13409
2
2
1 14241
1 31553
3 26 6525
3 2 2256
1 31277
2
1 9086
3 7 26484
1 28441
2
2
1 15559
1 23239
3 28 19152
3 9 27519
3 10 11700
1 1008
1 22581
1 647
3 25 9310
3 10 31774
1 27403
1 31692
3 7 8104
1 22013
2
1 16115
2
1 20829
1 19045
1 15158
1 7936
3 41 13381
3 5 11117
1 22645
1 30783
1 11682
3 30 8217
3 2 10236
1 23936
3 7 1589
3 1 4016
3 25 27443
3 1 24561
2
1 1525
3 44 3167
2
2
2
2
2
1 22065
2
2
2
1 16036
1 19576
2
3 39 11836
1 4209
2
2
1 23671
1 18381
2
3 30 25908
3 32 22475
2
1 19324
1 22561
2
3 5 21376
3 8 22111
3 29 29076
2
3 6 14984
1 16637
1 829
3 29 28331
3 29 29509
2
3 38 2217
2
3 22 29173
1 26430
1 16121
2
2
2
2
3 21 8154
3 5 6366
3 5 10834
3 24 15081
1 28113
3 15 32293
1 5359
1 3560
3 14 21259
1 18303
1 29569
2
3 8 15785
2
3 30 10035
3 2 23902
3 21 15896
3 7 13112
2
1 22041
3 9 23975
3 32 4037
2
2
1 31999
2
3 21 23211
1 22019
2
3 5 30803
2
1 30116
3 2 25855
2
2
2
3 31 15660
3 18 5335
3 17 4269
2
1 20092
1 23385
3 10 22928
2
2
2
3 19 19101
1 30306
2
2
3 28 22406
3 12 21157
3 13 29846
2
3 12 2653
1 19484
3 13 347
2
2
1 22072
1 23444
3 25 11663
3 3 25279
2
2
2
1 19875
3 18 15910
3 23 16649
2
3 25 25283
2
3 12 5358
3 3 31070
2
2
3 9 17109
2
2
2
2
3 13 32463
2
2
1 22456
2
2
1 19176
1 26855
2
2
2
1 30302
1 7572
2
1 8461
3 19 25881
1 9863
2
1 9475
3 20 2360
2
1 11063
3 5 18277
1 9382
2
2
3 14 8711
3 11 5730
1 26593
3 16 18874
1 28121
2
1 30437
3 6 27779
2
1 7460
1 5242
2
1 3133
3 18 13836
2
1 9579
2
2
2
3 1 27406
2
2
1 8207
3 1 3320
3 6 17278
1 372
2
2
1 11897
2
1 13403
1 27556
2
3 1 18897
3 17 25684
3 16 5783
1 29590
3 6 21684
3 5 22861
1 958
2
2
3 16 15437
3 16 22217
3 12 23217
3 15 23368
2
2
3 15 1483
3 10 23896
3 13 30364
1 7249
3 1 12870
3 6 9045
2
1 11641
3 15 9325
3 7 13520
3 11 30343
1 26168
2
1 27926
3 4 24818
3 2 9292
3 4 12173
1 10339
3 15 15776
1 3645
3 17 4535
1 2797
2
3 8 26707
3 20 18852
2
3 17 30638
2
2
3 17 26328
1 17898
1 19216
3 15 14147
1 18761
1 5984
2
1 26021
3 18 29811
1 20736
1 30307
2
3 22 14974
2
3 13 22231
1 22422
2
3 6 31908
1 2396
3 19 28122
2
3 21 14795
2
2
1 18881
2
3 15 6755
2
2
3 17 12386
3 17 28429
2
1 19438
1 3851
2
2
1 30747
1 15919
3 15 23762
3 15 27150
1 10743
2
3 16 1835
1 32098
2
1 19275
2
2
1 23168
2
3 15 9231
3 12 9864
3 5 814
1 3064
1 29295
1 3994
1 25907
3 5 23325
1 6899
2
2
3 4 29093
2
2
2
3 16 13440
3 17 2523
3 10 21770
2
2
1 32473
3 6 22396
1 1292
0
