1 2026
1 4993
1 19186
1 30502
1 13604
2
1 17798
1 18445
3 3 5948
3 2 28422
2
1 12613
3 6 28092
1 23770
2
2
2
3 2 27658
1 11808
3 2 17111
3 5 16546
3 1 16723
2
3 3 24010
1 17579
1 20761
1 16425
3 3 19454
1 18569
2
2
2
3 1 19018
1 13795
3 6 15303
1 8653
3 7 17399
3 2 31220
3 5 30169
2
2
3 5 5759
2
3 4 31482
2
2
1 2306
3 3 11943
3 3 11668
2
3 2 21601
3 2 25138
3 2 25050
1 817
3 1 21424
1 32596
3 3 26951
2
2
3 1 30013
3 1 25181
3 1 20228
1 19443
3 2 30999
1 25688
3 2 31007
3 2 16428
3 4 31525
1 22382
1 12964
3 5 12341
1 31053
1 26021
2
1 17355
1 28705
2
1 8389
2
2
2
2
1 3772
3 2 501
1 629
1 29765
3 3 4471
2
2
1 5685
2
2
3 3 26058
2
1 28987
3 3 10456
2
2
3 2 5115
1 24810
3 3 2871
3 4 13189
3 4 18132
1 32463
1 15743
3 3 6363
2
3 3 26803
2
2
3 2 10358
2
1 12732
3 1 3444
2
1 23822
2
3 2 27941
1 7300
2
3 2 21105
3 1 2042
1 3123
3 3 5991
3 2 28091
3 3 20581
3 1 23938
3 2 15725
2
3 2 10179
1 23418
2
3 1 25827
3 1 19948
1 3252
1 15943
3 2 7004
3 4 9341
1 8554
3 5 9633
1 25495
1 10784
2
2
2
3 1 3012
3 3 701
3 3 25744
3 2 28111
2
1 13740
2
3 3 4060
2
3 2 31614
1 24146
3 3 26410
2
1 30706
1 18255
2
2
3 1 29001
3 2 21992
1 16547
2
1 23636
2
1 17849
3 1 32260
2
1 5497
2
1 22067
2
1 6971
2
1 2687
3 2 28341
2
1 18192
3 1 14928
2
1 3858
2
3 1 7058
1 7496
3 2 20883
3 2 200
3 1 83
3 1 26077
3 2 31478
2
3 1 20889
1 9017
2
3 1 1850
1 6235
1 19914
3 4 6340
1 17129
2
1 31938
1 9092
3 4 6672
1 1847
1 28290
3 3 22333
2
1 8285
1 3872
1 12554
3 6 1064
1 32697
1 9660
2
2
1 17799
3 6 22142
3 6 23845
1 4202
2
3 11 7832
1 20855
2
2
3 7 29504
2
3 8 7480
2
2
3 7 8400
2
3 2 21049
2
3 5 26650
3 2 25761
2
3 3 5030
1 4711
2
2
3 2 15222
3 2 7369
3 2 22666
1 29730
3 3 28563
1 634
2
2
1 3980
1 26590
1 16618
3 2 29964
1 20729
3 4 32230
1 16197
2
2
1 29496
2
2
2
1 7852
3 5 12753
3 2 5362
3 5 8984
2
1 17408
2
1 26978
2
3 1 16685
2
2
3 1 12290
1 4725
1 1494
2
3 2 9506
3 1 11971
3 3 16065
1 25435
3 1 23686
2
2
1 1114
1 9852
3 4 129
1 8374
3 2 28743
3 3 25752
2
2
3 3 11882
1 26622
3 4 5827
2
1 901
2
3 1 4847
3 3 9877
2
3 2 29256
3 1 22953
3 1 14568
1 2986
2
3 1 20368
3 1 19812
1 18626
1 16239
1 19765
2
1 15914
1 13426
2
3 5 23628
3 5 12835
3 4 872
3 5 30719
1 21915
3 6 18436
1 26598
1 20221
2
2
1 23622
1 25171
1 19424
3 7 18529
1 18372
3 5 10051
3 2 25650
3 10 18760
1 10971
2
3 9 26627
2
1 23843
3 9 19266
3 6 11369
2
3 1 14438
2
2
1 13381
1 14628
2
2
3 5 4501
2
1 25816
1 17237
3 1 10828
2
3 4 20372
2
1 32118
2
3 6 18028
1 5088
1 17922
2
3 6 22486
1 17779
3 1 10900
3 7 31486
3 1 15287
2
1 12435
1 7386
1 31905
3 1 18478
2
2
1 23892
3 4 27372
3 1 29043
1 206
2
2
3 2 16175
3 8 22982
2
3 3 4187
3 6 2407
3 4 29360
2
2
2
2
3 3 26559
3 2 17275
3 3 27328
1 17034
2
1 13223
1 10134
3 1 19449
2
3 4 29812
2
2
1 9563
2
3 1 15111
1 24269
1 1467
2
1 10403
3 4 29373
1 395
2
2
2
3 1 23792
1 30299
2
3 2 17201
3 1 7779
1 23732
3 2 22414
2
3 2 18147
3 2 9945
1 28896
3 1 18118
1 30505
3 3 20945
3 1 8735
1 13913
2
1 32691
1 6533
1 13041
3 1 31356
1 25371
1 13371
1 1687
1 8865
3 9 4817
3 5 31918
3 5 9949
2
2
3 7 30903
1 13298
1 7225
1 14375
2
1 17930
3 3 10721
3 10 22155
2
1 26983
3 8 12436
3 11 26279
1 6417
2
2
1 23960
1 9332
3 7 29209
1 20110
3 7 21444
3 12 7426
2
2
3 2 28058
3 4 7509
2
3 2 3540
1 4249
2
2
1 683
3 8 6071
3 5 4797
3 9 2893
1 2135
3 8 13674
3 6 26022
1 12592
3 12 10668
1 15911
1 15032
3 1 22839
1 27410
3 8 2143
3 14 23455
1 9943
3 11 1257
2
2
3 10 32277
1 24227
2
3 2 9090
3 7 5639
2
2
1 3777
2
3 8 21970
2
1 8561
3 5 32724
1 13079
2
3 6 7866
1 11964
2
1 17595
2
3 11 10964
3 10 32767
3 11 15930
2
1 21141
2
3 9 4522
3 9 32157
2
1 21280
2
1 13252
2
3 4 4611
1 31956
3 12 17226
1 25651
3 10 29387
3 3 3314
2
3 4 20454
3 8 22310
3 5 19589
2
3 6 12740
1 15255
2
2
3 7 4055
1 20400
3 4 20005
2
2
3 2 6351
2
3 6 8637
3 1 18540
2
1 21255
2
1 17193
2
1 19208
3 3 13237
3 7 10925
1 16930
2
3 2 7205
2
2
1 21081
2
2
2
3 3 31719
3 1 28283
3 2 5904
3 4 23766
3 2 20759
1 15034
2
3 3 10655
1 14002
3 4 24960
1 21300
1 25113
3 3 5452
1 14698
3 6 23677
3 6 20683
2
1 11254
2
2
3 3 18690
3 4 11108
3 5 31319
1 8773
1 15068
2
1 6769
2
2
2
2
2
1 2942
1 16301
3 3 27546
3 1 3205
2
1 24325
2
2
1 6772
2
1 17580
2
1 424
3 3 10704
2
3 2 2
3 2 10071
1 19920
1 17548
3 2 26506
3 3 29236
3 4 18067
3 4 7021
1 10175
3 6 5891
2
3 5 6428
2
1 2686
1 31282
1 11008
1 14383
3 4 21393
1 30638
1 11623
2
3 7 14635
3 4 11160
2
1 26369
2
1 22293
1 12553
3 8 25591
3 9 21076
1 9215
2
3 9 6676
2
3 5 28070
1 18786
1 30661
3 5 31401
3 1 2793
1 1909
1 25434
3 13 17368
3 11 10481
2
1 22247
1 16063
2
1 22619
3 5 11733
2
1 11019
3 3 11334
2
3 5 28971
2
3 10 7557
2
1 17498
3 3 14455
3 7 25004
1 30494
2
1 19434
2
2
3 7 2749
1 21193
1 31953
2
3 7 18452
1 25428
2
3 10 20775
2
1 21800
1 11661
2
1 31473
3 4 25367
2
2
1 7371
3 9 5588
2
1 18803
2
2
2
1 2519
2
3 7 9353
2
2
2
1 9130
1 3004
3 7 19793
2
3 6 4718
2
3 5 18132
2
3 3 4778
1 11808
3 2 2181
1 28072
3 3 18394
1 15577
2
3 6 28893
3 5 22933
1 25388
3 1 23263
1 3689
1 30641
1 642
2
1 8044
1 7293
1 17713
1 2086
2
1 13726
1 6525
2
2
1 20505
2
2
2
2
3 9 22532
2
2
3 4 17308
1 30888
3 7 800
2
3 5 7312
1 10600
2
3 5 9514
2
2
2
1 9807
2
2
2
1 2594
2
2
1 6171
1 7358
3 4 29454
2
3 1 2625
3 1 3976
1 6547
3 3 927
2
1 14399
2
1 14343
1 14705
1 6787
1 7624
1 22669
2
1 31668
1 24376
2
2
2
3 6 8468
3 6 21573
1 9885
2
3 4 20206
1 24309
3 2 30549
1 21326
1 15185
2
1 10496
2
1 5725
3 6 31163
1 24594
2
3 7 5464
1 5851
1 2696
2
3 8 2566
1 25462
2
1 7842
2
1 19599
2
3 8 28999
1 32441
1 28269
3 4 30837
1 25652
1 6059
3 9 29370
1 3724
3 2 3187
3 5 9907
1 2959
2
3 11 9103
3 15 17341
1 3715
3 10 27154
1 26822
3 12 29970
2
1 31512
2
1 24204
3 14 20323
3 15 31956
1 17633
2
1 168
2
2
1 3704
1 4978
1 30821
1 15605
3 4 30541
1 18684
2
3 19 25632
3 5 2302
3 19 23173
2
1 1664
2
1 32207
2
1 18599
1 24427
1 1126
1 5325
1 1821
2
3 13 31149
2
3 12 1622
3 18 29848
2
3 18 4853
3 2 25504
2
3 8 5905
3 1 24592
1 8744
3 6 1868
3 10 5130
3 18 6120
1 30557
3 4 3404
3 18 16944
3 7 16693
3 12 156
2
1 25699
2
1 20333
3 9 8686
3 2 18858
3 3 9071
1 2113
3 17 3410
2
3 9 26176
1 22438
1 31187
2
1 298
2
3 11 7022
2
3 11 27163
2
3 7 20990
3 7 15749
3 1 27523
1 31562
2
2
2
3 17 26657
3 4 7191
2
1 6401
2
3 4 9947
2
1 24608
3 13 18653
3 3 18723
1 13586
2
2
1 27309
1 5806
1 11850
1 28037
3 7 124
2
3 1 24925
2
3 15 16656
3 11 3143
1 1758
2
3 2 7629
2
2
3 5 29538
1 28495
2
2
2
3 2 17566
2
3 5 28016
3 11 3266
3 6 2167
3 8 25345
1 1196
3 1 24806
3 6 9853
2
3 2 5779
1 17197
2
1 6653
1 5112
1 18732
3 11 5691
2
1 32061
2
2
1 31528
2
3 14 30230
3 14 25062
1 17514
3 8 20675
1 20200
2
3 5 16960
3 6 24783
1 25903
2
2
3 10 24293
3 11 5975
3 3 20231
3 4 27392
3 10 16866
3 14 28756
3 13 18576
3 7 20274
3 5 8621
2
2
2
1 1570
1 7978
3 12 31201
3 6 24818
3 11 4591
1 12857
3 10 2780
1 11320
2
3 13 6395
2
3 2 3083
3 3 109
3 6 20652
2
1 32427
1 30236
1 22299
3 15 26188
1 5650
1 30127
3 11 8277
1 17636
3 12 24214
2
1 23653
1 6252
1 13857
1 28472
1 12569
3 11 12874
1 32029
3 19 30524
3 11 21694
1 4875
3 12 8387
2
1 11388
2
2
2
3 3 5554
3 9 24700
3 16 29970
3 13 15042
2
3 5 28973
3 7 30846
2
3 9 19989
2
2
1 22913
1 23260
3 15 19143
2
3 18 18805
3 19 1602
2
3 13 32395
2
1 28611
2
3 3 6145
1 28913
3 11 15510
3 11 29813
2
2
3 13 12637
2
1 30110
2
1 27961
1 15593
3 2 27221
2
1 6657
3 10 21124
2
2
2
2
3 13 18517
1 571
1 7303
2
2
3 7 17411
3 6 7982
1 25379
1 9523
2
1 20657
1 7356
2
2
3 13 29590
3 8 13977
2
1 12060
1 27955
2
2
1 29986
3 3 2941
1 29411
2
1 13493
3 4 14933
2
3 4 11497
2
3 12 6243
2
1 13034
1 7855
3 3 23426
3 13 27691
3 6 8
3 3 994
3 11 24423
2
3 7 15998
2
1 8617
3 2 15541
1 13224
1 5652
1 30555
3 10 10461
3 10 154
2
2
3 4 26317
2
1 8784
1 8645
2
2
1 25335
3 9 4770
3 10 5657
1 8199
1 21587
3 10 6022
3 8 18846
2
3 6 19372
2
1 3599
3 11 23450
3 5 20140
1 15960
3 4 6155
2
1 31562
2
1 25383
3 1 6107
3 4 18109
3 9 4887
1 26297
1 13485
1 13321
1 19637
2
2
2
2
2
1 25463
2
3 4 32600
2
3 1 1714
3 13 14770
3 10 14635
2
1 17721
3 6 22099
2
2
3 7 7082
3 7 28033
1 16148
3 12 11259
3 2 20524
3 9 24426
2
1 10887
2
3 4 6940
2
3 8 14529
2
2
3 3 27465
2
3 4 3426
1 16558
3 2 4374
1 22921
2
3 7 31857
2
2
3 6 15193
3 1 29688
3 5 3405
2
3 1 30800
3 1 1999
1 3174
1 17597
3 6 28713
2
3 7 17592
1 14785
1 19910
1 23722
2
1 10431
3 1 28677
3 6 21365
2
2
3 3 13005
2
2
2
2
2
2
3 1 275
1 19392
3 3 2195
2
1 24
1 24279
3 2 7185
2
2
3 1 22007
1 25753
1 18459
2
1 6776
2
3 1 25173
2
1 1047
3 3 16134
3 3 6934
2
3 1 28190
1 31103
1 5865
2
3 2 7323
2
3 2 26265
3 1 14959
1 31180
2
1 28677
2
3 1 19405
3 2 20077
3 1 32347
1 27067
2
1 9665
3 2 10709
3 1 11432
2
1 1538
3 3 14045
3 1 32292
3 1 20340
2
1 834
2
1 3038
2
3 1 8306
1 14312
3 3 22767
1 7730
2
2
1 17543
2
3 2 5738
3 1 24731
3 1 20760
3 1 10204
1 4120
2
1 6919
2
1 1353
1 21872
1 10121
1 27534
1 26725
1 19557
2
2
2
3 1 25829
2
1 13568
3 5 10601
2
1 29230
1 20190
3 3 8476
3 1 15810
3 6 19139
3 1 6437
2
3 4 12990
1 21671
1 19663
3 6 30743
2
2
1 12517
3 3 29281
3 4 9317
2
1 9210
2
2
2
3 2 22285
3 3 20115
1 14093
1 17994
1 13475
3 3 28230
3 4 4268
1 12410
3 4 2997
3 4 4283
2
3 3 11737
3 4 7261
2
2
2
1 26683
1 19513
3 2 8817
3 5 9747
1 15798
1 14522
1 7919
1 28862
1 23853
3 2 17193
1 14743
1 15414
3 7 29277
2
1 13267
3 12 6571
3 3 14391
1 30308
3 9 26933
2
1 15908
3 3 27626
1 7357
2
1 13223
2
2
1 15551
3 5 13136
1 16914
1 27605
1 4780
2
2
2
1 30204
3 3 29748
3 14 7367
2
1 6030
3 11 29055
1 15653
2
3 10 19197
2
2
2
2
1 17285
2
1 16002
3 11 22156
1 28896
2
1 31482
3 3 17688
2
3 4 31356
2
3 2 11529
1 14523
2
3 9 21488
3 2 851
1 32092
2
2
3 7 31211
3 1 17072
3 2 7263
3 4 28972
2
3 3 16569
3 2 13501
1 10188
3 3 16209
1 4310
2
3 7 7020
2
2
2
1 25421
1 18219
1 22885
2
3 8 30817
1 18538
1 32316
1 11493
2
2
1 19532
2
2
1 6645
1 2426
3 9 1296
3 2 22936
1 23066
2
3 8 12124
1 19963
2
3 2 26516
2
1 16026
2
1 17713
3 10 290
2
3 7 31248
2
1 12058
3 8 14292
1 11955
3 6 32389
3 3 23939
3 7 19263
3 7 8403
2
3 2 14557
2
2
3 6 630
3 3 16265
3 2 22196
3 4 2831
1 10291
3 5 8635
1 23178
3 3 10863
3 1 17968
1 4148
2
3 5 18881
2
1 4957
2
1 8779
1 24266
3 1 447
3 4 2422
1 13587
1 23596
3 5 21191
3 11 28912
1 16627
3 11 26081
2
1 22936
1 3528
1 13950
1 6326
3 7 19851
2
1 20009
2
1 8793
1 1739
3 6 14360
3 5 3932
2
1 18147
1 31824
2
1 24778
3 12 21326
3 18 7209
2
3 6 6884
1 7421
3 3 23629
1 4249
3 19 26984
3 1 28818
3 3 7007
1 16236
3 16 17479
2
3 16 9779
1 16982
2
2
1 1652
1 8601
3 18 5637
2
2
3 18 25974
2
3 1 19612
1 13924
3 1 17520
3 6 19835
1 23607
2
1 19683
1 26661
1 20662
3 16 9658
1 11057
2
1 8806
2
1 24422
1 21949
1 17438
1 16848
1 15446
2
1 24606
2
1 23930
3 25 20140
3 5 6336
2
3 12 341
3 8 4675
1 18968
3 11 13785
3 5 31608
3 15 12129
2
1 21231
1 16550
3 10 24732
1 8625
2
1 30992
3 6 32111
3 17 3296
2
3 15 16943
2
3 12 7583
2
2
1 6790
1 9328
1 23161
3 19 30470
2
2
1 28837
2
2
2
2
3 21 29872
2
1 17456
2
2
2
2
3 17 10630
2
3 14 18873
1 23346
1 19691
3 4 15540
1 17950
3 8 14718
2
2
1 13854
1 3054
3 5 13388
3 10 28073
1 2159
3 9 6635
1 32764
1 1281
2
1 19276
2
1 25061
1 20301
3 11 92
1 8734
2
3 4 32312
2
3 20 2949
1 2076
2
1 28139
1 5906
1 3120
1 12086
3 23 27300
1 28951
2
2
2
3 22 15251
1 12981
2
1 2099
1 3442
2
3 6 12850
1 363
2
2
3 24 7948
1 22840
2
2
2
2
1 10544
1 23220
1 19163
3 1 4313
2
2
2
3 22 10414
3 1 7433
1 3609
2
1 24600
2
3 9 6908
2
3 1 14704
3 11 30987
3 12 24949
3 3 23342
2
3 6 30507
3 13 9979
2
3 10 4237
3 17 524
2
1 23065
3 1 28104
2
1 25509
1 16869
3 5 8007
2
2
1 1953
2
1 17583
3 1 29059
2
1 30705
1 15928
2
2
3 5 21215
1 17430
2
3 8 5745
2
2
2
1 32247
1 3532
2
3 13 14626
2
1 9391
2
1 5995
3 9 30654
2
3 4 14515
3 15 9937
3 12 16592
1 15033
1 3571
1 6134
3 4 3341
3 9 13307
2
3 12 26893
3 17 14558
3 15 15638
3 17 2601
1 27391
2
2
3 10 9878
3 2 24375
2
1 19368
1 22858
1 12680
3 14 18811
1 29216
1 19159
3 10 7966
1 6516
1 1406
2
2
2
1 4169
3 18 5778
3 3 25491
3 9 32131
2
3 15 8507
2
3 8 1119
2
2
3 10 25215
2
3 7 4391
1 11667
1 3640
3 11 6433
3 13 16723
1 19868
2
2
1 1110
2
1 241
2
2
1 1076
2
2
2
3 6 31174
2
1 8635
2
1 20723
2
3 1 32515
3 9 7101
2
1 10847
2
1 22841
2
3 7 5839
2
3 5 32610
2
1 31938
1 2298
3 11 9973
2
3 8 24991
2
1 1973
2
1 509
1 30039
3 5 4322
2
3 10 17285
3 8 2048
2
1 5172
1 19498
3 2 7649
2
2
2
3 4 647
3 1 22399
3 2 121
1 3673
2
2
3 2 19232
3 7 14667
3 2 12763
3 5 25607
3 2 24142
3 3 7166
1 26379
3 4 14998
2
2
1 3141
3 1 17321
2
3 1 11231
1 7359
3 4 23745
3 5 20397
2
2
3 3 11900
1 22241
1 10851
3 5 24588
3 1 16762
2
1 27594
1 19694
1 23434
1 24220
1 29401
2
3 5 12678
1 2293
3 9 31757
3 8 31043
2
1 10091
2
2
2
3 3 2107
2
1 25965
1 26064
1 1707
1 12083
2
1 6959
1 4795
2
1 31425
3 8 8664
1 22795
2
1 32341
3 11 18032
1 25618
1 28468
1 7638
2
3 11 8701
3 6 16844
3 4 1241
1 13038
2
2
2
1 410
2
2
1 26530
1 26815
2
1 31106
1 25393
2
2
3 8 28340
1 18702
2
3 1 32401
3 2 19653
2
2
3 11 24711
1 17385
3 3 22888
1 25918
2
2
2
2
2
3 4 21229
3 6 25383
1 7866
3 7 24821
2
1 23848
2
3 8 16620
2
2
2
3 5 5124
1 25914
1 758
1 1179
2
1 1422
3 6 21032
3 7 28394
3 2 10162
1 27449
2
2
2
3 3 10060
2
3 3 19987
1 17579
2
1 4096
3 5 13535
1 11630
2
1 7910
3 6 5556
2
2
3 4 6894
1 7948
2
2
2
3 2 24458
3 3 28350
3 1 5215
2
3 2 29245
1 27927
2
3 2 15336
3 2 18381
1 1643
3 1 25267
2
3 1 14333
3 2 22786
3 1 15497
1 30072
2
1 28688
1 16299
1 6295
1 4481
3 3 28647
2
3 4 13358
3 4 25705
2
2
3 3 31740
1 1249
2
3 3 853
2
1 13990
3 1 28627
2
1 22797
1 2589
1 32739
2
3 4 25950
1 25482
1 26072
2
1 11909
3 2 6554
1 28621
3 6 23356
1 25646
3 7 31996
3 6 6636
3 3 7483
2
1 22814
3 6 32010
2
3 7 30133
1 957
1 16069
1 3960
2
3 3 2481
2
1 21145
3 3 10213
3 2 22286
3 9 26635
3 3 9339
1 19823
1 8571
3 3 6828
1 6159
1 631
3 11 2627
1 18132
1 3512
1 15479
1 22609
2
3 12 12889
1 12245
1 18396
2
3 8 10426
3 14 8635
1 10948
3 7 24418
3 8 11195
3 12 17611
2
1 18986
3 6 14679
2
1 18107
2
1 2725
2
2
2
1 2027
1 11823
3 13 26458
1 8603
1 16789
1 7910
2
1 765
1 11438
2
1 25645
3 11 26224
2
2
2
1 25651
3 15 31310
2
2
2
2
3 1 24425
1 12392
3 4 10985
3 1 13925
2
2
2
3 5 3285
2
3 11 7007
2
3 2 27877
1 22869
3 1 18781
3 10 8177
3 3 1572
2
1 6600
2
3 11 11731
3 4 25475
1 32487
3 11 17455
3 4 5431
1 31017
1 11980
1 9047
3 9 8385
3 13 32254
1 12050
3 12 1561
1 28242
1 24843
2
2
3 12 4852
2
1 16532
2
3 9 32168
1 16730
1 30511
2
3 6 9281
2
3 14 2114
2
3 5 23918
3 2 17553
2
3 5 2128
2
2
2
2
1 15162
3 3 14383
3 7 3245
1 28670
2
2
3 1 968
3 9 16081
2
3 7 10546
2
2
2
3 5 32423
1 2547
1 9856
3 6 22309
1 28405
2
1 18723
2
2
2
1 16625
1 13016
2
3 6 3122
1 9670
3 7 25135
3 5 32153
2
3 1 10329
2
1 24191
2
1 11557
2
3 1 4195
3 5 23178
1 25722
2
2
2
3 3 17127
3 1 7858
2
1 15885
1 6047
2
1 20107
1 12169
1 22872
1 16869
2
3 6 24933
1 19226
1 1260
1 24598
1 7714
2
3 7 19472
3 3 14912
3 8 13639
2
2
2
3 6 17895
3 4 13714
1 12583
1 4602
1 5411
1 28093
2
1 9492
3 3 15038
3 6 30675
2
3 6 4259
1 26803
1 9001
3 8 8912
1 3505
1 2583
1 32354
1 2563
3 3 10924
3 8 28225
2
1 29200
1 24925
2
2
1 21004
3 14 8989
2
3 6 22984
1 15521
2
3 5 16644
3 11 5049
1 2412
1 14804
3 10 18249
2
3 15 26476
3 2 7777
3 1 16414
3 8 3389
3 7 19543
1 4993
2
3 3 6817
1 16851
2
3 7 8791
2
1 1983
2
2
2
1 10509
2
3 2 18079
1 12988
2
3 11 29740
2
2
3 5 22932
1 2537
1 9877
3 8 14419
2
1 13162
2
2
3 7 21482
1 7744
3 2 6656
1 18417
3 11 10348
1 18706
1 29979
2
3 1 14154
2
1 8449
2
1 6256
1 12121
3 5 10520
1 32250
2
2
3 7 22458
2
2
2
2
3 4 482
3 8 14943
2
2
3 1 6501
2
3 6 6396
1 18510
1 7017
2
2
2
3 1 3767
2
2
3 1 9067
3 1 19955
3 1 24039
3 3 31913
2
3 2 19816
1 22265
1 20573
3 4 15705
1 18629
1 25767
3 6 20687
2
3 3 18862
1 9558
2
3 5 21873
1 9517
1 4886
3 6 20884
2
1 13526
2
3 4 6928
2
3 4 18700
2
3 2 23830
2
2
3 2 25835
1 1523
3 2 4525
2
1 17839
3 3 4792
2
3 2 8766
3 2 25746
3 2 21617
3 2 27188
3 2 14582
3 1 10331
3 2 24076
1 21016
1 30191
2
1 24286
1 28184
1 22725
1 19954
3 4 14089
1 21407
2
3 6 8112
1 27348
2
1 18168
2
3 6 22838
1 12066
3 6 18086
2
3 1 3776
1 25521
2
1 17044
1 1243
3 3 16002
1 7136
3 5 5332
1 14630
3 1 27819
1 5021
2
2
1 7959
2
3 2 27787
2
3 5 24667
3 1 22189
2
1 27000
3 9 648
2
2
3 6 3376
3 2 1520
1 32712
2
1 11963
3 4 30961
1 4438
2
2
1 8698
2
1 15664
3 1 26096
1 24518
2
1 21986
2
2
1 16958
1 12132
2
3 1 24199
2
1 16441
3 3 16386
2
2
3 2 11936
1 27168
2
3 2 6380
1 17853
2
1 17867
1 18823
1 22891
3 2 3447
1 16805
3 6 8032
2
3 9 14179
3 4 27874
2
3 3 27115
2
2
3 5 3512
2
1 23776
3 5 12799
3 3 29650
2
1 2673
1 31477
1 11449
2
2
1 15315
2
2
2
1 29476
1 27661
3 4 18247
2
1 11336
2
2
2
2
3 2 9411
1 25969
1 61
3 1 32371
1 4335
2
1 9081
2
1 13394
3 1 10129
3 2 8111
2
1 32326
1 1893
2
2
1 4603
1 24127
2
1 5435
3 5 19495
2
2
2
2
3 2 16580
1 5328
1 9597
3 1 21824
1 16556
2
2
2
3 2 21960
3 2 64
3 1 7920
1 4701
2
1 9090
1 2232
1 30220
1 5720
1 28381
1 28270
3 3 11291
3 2 6019
3 3 23489
3 6 26230
2
2
2
2
2
2
3 2 30046
3 1 11034
3 1 289
1 2112
3 2 1745
2
3 1 29925
1 23762
3 1 28492
1 21932
3 1 19919
2
2
3 2 9382
3 1 28092
1 10579
3 3 31427
2
3 2 26550
3 2 23190
1 22715
2
3 2 26733
1 9216
3 1 22882
3 2 13356
2
1 15184
2
3 2 22323
3 1 18439
3 2 9888
1 15741
1 28205
2
3 3 30748
2
1 3641
1 1432
2
1 30276
3 1 20371
2
1 20524
1 19882
3 2 2579
2
3 3 1945
2
2
1 22787
1 24151
2
3 2 17078
1 6737
3 4 6895
1 22227
2
2
3 3 17972
2
3 2 27481
1 5024
1 12884
2
1 577
2
3 2 21542
3 3 5678
2
1 27317
2
3 1 5914
3 1 25950
1 22725
3 2 27430
1 7387
3 4 17326
1 8603
3 5 26418
1 30264
2
2
1 28277
3 1 20301
1 3209
2
2
2
3 1 7873
2
1 12685
3 3 14340
1 17170
3 1 26257
3 3 28351
1 3291
3 5 18167
3 1 22652
2
1 6810
2
3 2 25695
1 5819
1 4258
1 18926
2
3 1 1619
2
1 10360
1 2914
2
1 512
3 7 20574
2
3 5 28750
2
2
2
3 2 21270
2
3 2 955
3 2 1030
3 1 31826
3 1 28374
3 1 16115
3 2 20163
3 2 29932
1 3415
3 3 29690
2
1 15246
2
1 21398
1 1887
2
1 537
1 28325
3 1 12380
3 4 21702
3 5 16113
1 26646
2
2
2
1 16971
2
2
3 1 31830
3 2 4899
3 2 13903
3 1 29693
3 1 8024
1 19985
2
3 2 9055
3 1 10542
1 23898
2
1 32174
3 2 6367
2
1 18456
3 3 3057
3 2 28716
2
3 2 5474
3 2 25098
3 2 14248
1 22580
3 2 2250
3 2 15703
2
1 21275
1 1448
3 4 17051
3 3 14383
3 1 601
2
3 2 16798
1 31174
1 8451
1 2885
3 3 1815
2
3 1 9189
2
1 2558
3 2 5522
3 4 18258
2
2
1 15953
1 25223
1 17545
3 1 18499
1 18367
1 21495
2
3 4 19343
2
1 10838
1 1243
2
1 16413
2
1 19177
1 3978
2
3 2 3011
2
3 5 2841
2
2
2
1 3030
3 4 5710
2
3 4 19405
2
2
3 1 1230
3 1 28436
3 2 19311
3 1 17651
1 7966
2
3 1 21084
1 4068
1 17632
3 4 13745
2
3 1 10405
2
3 2 26809
3 1 428
1 3700
1 12611
1 2373
3 3 29707
3 3 11780
1 15411
1 27183
1 25514
1 28678
3 3 6169
3 8 11074
2
3 4 23168
1 10976
1 32142
1 3592
1 12282
1 4816
2
3 11 27849
2
1 12604
2
3 3 16865
2
3 5 30368
1 601
1 9438
1 16683
1 23234
1 32659
1 11775
3 8 30093
1 27498
3 1 26080
1 2510
1 14514
2
2
2
3 9 2722
2
2
2
3 11 12905
3 7 18142
1 10568
1 10016
3 7 9537
1 4507
2
3 7 12973
2
3 1 30753
1 28094
1 24072
2
2
1 1412
2
2
2
3 12 22430
2
2
1 26926
1 437
3 11 11885
3 5 28819
1 20605
2
2
1 26289
2
2
1 23483
2
1 30728
3 10 21481
3 4 2607
3 3 9081
2
3 2 6958
1 3436
3 3 1620
3 8 26105
1 6475
1 16265
3 5 5230
3 7 29684
2
2
1 2247
1 11460
2
3 8 6373
1 14381
1 8177
2
2
1 5642
1 23209
3 9 17012
1 15109
1 3426
3 2 19627
1 16024
2
2
2
3 11 8956
2
2
1 4309
2
3 6 19878
2
2
1 17282
2
3 1 9876
3 8 30962
3 4 29507
3 9 9698
2
3 7 8439
1 15126
1 31320
2
2
2
1 12241
2
3 3 7062
2
3 4 1612
3 3 22020
3 1 4949
1 12109
3 1 32707
1 23742
1 30868
1 19638
3 4 18935
3 9 26615
3 11 11907
1 4619
2
3 8 28086
2
3 8 19533
1 13535
3 11 24720
2
3 1 21032
2
1 29223
2
3 2 10711
3 9 26709
1 23047
1 25742
2
3 3 25275
3 6 13674
2
2
1 25722
1 464
3 1 17931
2
3 7 28465
3 3 137
2
2
1 27875
2
1 29929
1 6236
3 1 16081
3 5 26292
3 6 32398
1 30030
1 3353
2
1 8322
3 10 25404
1 30737
3 11 21825
3 10 28353
1 26117
3 7 31422
2
2
3 10 3894
3 6 4548
1 32176
1 21816
2
3 7 10897
3 8 8670
2
2
1 30029
1 24622
2
3 4 17293
1 12401
1 8715
2
3 9 380
3 1 28761
3 12 23359
1 14786
2
2
2
1 30513
2
2
2
3 2 14957
3 4 18437
2
2
2
1 15196
2
3 1 18251
1 10756
1 6772
3 5 10924
1 10227
2
1 9620
2
3 2 18637
1 30644
3 6 16146
3 1 13594
1 19201
1 13224
2
2
3 6 18210
1 22284
3 3 16884
3 4 21824
2
3 8 24239
3 5 12173
3 8 15155
1 25250
2
3 5 9674
2
1 3751
2
2
1 11949
2
2
1 5465
2
1 29240
3 2 32383
2
3 3 22272
1 1101
2
1 29967
2
3 4 13584
3 4 10170
3 1 30572
1 16205
1 22771
2
2
3 5 30738
3 5 21202
1 15107
2
1 25176
1 662
2
1 15178
1 29574
3 2 11635
1 22461
1 7391
1 31257
3 4 16753
3 4 4787
2
2
1 21617
2
1 220
2
3 6 5899
3 2 5941
3 8 16554
2
2
2
2
2
2
2
3 1 14763
1 8753
3 3 21216
1 10096
2
2
3 2 13275
1 13281
1 13208
3 3 11588
2
2
3 1 11068
1 13125
2
1 31223
2
3 2 16104
1 21451
1 652
1 17173
2
1 13371
3 2 22001
3 4 2762
2
2
3 1 21360
2
1 10300
2
1 3097
1 31251
3 2 21337
2
3 1 306
2
3 2 21302
1 23979
1 16915
3 4 28095
3 1 20665
2
2
3 2 9108
1 24229
1 2158
1 2474
2
2
2
3 2 10684
3 2 17557
1 19205
1 11524
1 9666
2
2
3 1 24029
3 1 19765
1 18418
3 1 27898
3 1 12116
1 22657
1 2159
2
2
3 3 32312
1 4013
3 4 5524
2
2
3 1 23600
1 31638
1 27308
1 16736
3 5 28753
2
2
2
3 2 20507
1 29697
2
2
1 1044
1 7507
2
3 2 16729
3 1 27106
2
3 1 23121
1 26849
1 15093
3 4 32486
2
2
1 7770
3 2 16042
2
3 1 11064
1 32014
3 3 30022
2
1 9176
3 3 7848
2
3 1 21132
3 2 6443
1 581
2
3 2 25470
3 1 3415
3 1 10945
1 20798
1 2118
3 4 4339
2
1 25111
1 28871
3 3 21032
3 3 10873
1 5224
3 6 18451
2
3 4 9179
1 23335
2
2
1 20954
2
1 20663
3 2 21723
2
2
3 2 22686
1 515
1 5666
3 5 15987
3 4 29657
1 26996
1 6888
1 27995
1 5756
3 4 21947
3 1 8354
3 8 10424
3 3 17731
2
3 5 2379
1 32665
2
1 30948
1 8806
1 10006
1 1510
1 17731
1 20125
3 5 32485
1 7104
1 15886
3 16 2481
1 12209
1 5802
3 1 25426
2
1 7665
1 1385
2
3 11 28364
2
1 32180
3 2 16916
3 4 11889
3 10 29920
3 15 17379
3 7 31092
2
3 13 12795
1 21125
1 23431
3 18 19244
2
1 24283
3 14 3284
3 14 8508
2
2
1 21543
2
1 15754
1 22979
1 4363
1 8322
2
3 3 8375
1 29992
3 1 21326
3 13 31900
3 13 18793
3 8 11762
2
2
1 4603
2
1 29650
1 8079
2
2
2
3 5 13069
3 10 16039
2
3 13 15541
3 11 366
1 6307
3 13 24686
1 1442
3 14 9395
3 12 23130
3 13 27121
2
2
3 8 16070
3 16 32214
2
3 5 2345
2
3 13 9844
1 31915
1 18911
3 10 24473
2
2
2
3 5 20987
1 9941
3 3 26546
1 10682
3 12 23610
3 7 22602
3 11 29674
1 4932
3 10 15788
3 8 18187
3 11 241
1 27707
3 5 10232
2
1 11111
3 16 9235
3 2 1637
2
1 6344
3 11 26551
1 22754
3 5 28123
3 10 11081
2
2
1 22572
1 19643
1 23006
3 13 10438
1 8729
2
3 11 17909
1 7608
3 17 14420
3 16 30234
2
1 32119
3 7 28729
1 26347
1 27003
2
1 14830
2
1 4641
1 27484
3 24 15421
3 21 19785
2
3 3 26611
2
1 12433
1 6929
1 17613
1 10771
1 231
1 24952
2
2
2
3 4 24717
3 4 21948
2
1 26431
1 22800
3 8 14532
2
2
1 22381
1 389
1 28338
3 7 11910
1 718
2
1 29620
1 1363
3 7 30356
3 25 13805
1 104
3 12 7501
2
2
2
1 15414
1 23044
1 19877
3 10 29803
1 3002
2
3 11 22242
1 25979
1 25413
3 25 3471
1 19959
1 3178
2
3 6 15617
2
2
3 5 6391
3 7 5228
1 25672
1 22086
1 23543
1 11125
3 29 24432
2
3 14 22278
1 29466
1 13996
3 28 22597
1 18456
2
3 35 32719
3 18 28203
2
3 31 14504
1 16643
3 25 15269
3 32 2831
2
3 2 8257
2
3 8 14866
3 30 9279
3 8 12181
3 24 31761
1 26625
3 23 13750
1 24775
1 31593
3 31 23711
1 29181
1 22263
1 1081
2
1 30267
3 3 3606
3 2 30729
2
2
2
1 23808
2
3 9 15993
3 35 8389
2
1 9217
3 36 28153
1 20203
3 24 690
3 1 2714
2
1 23927
2
3 9 17883
2
3 27 31206
2
2
1 2475
2
2
3 9 9086
3 2 24588
2
2
2
3 1 9619
3 1 13754
1 31851
1 4077
3 29 24885
1 6975
2
2
2
1 7158
1 28574
3 3 30781
1 31844
3 23 10789
3 31 1488
3 5 17254
3 32 31944
2
2
2
3 29 12436
3 21 8599
2
3 13 31484
1 29143
3 6 25987
3 23 18907
3 2 2491
2
3 25 2735
2
2
2
3 21 12289
1 16906
1 18624
1 31582
1 19752
2
1 8461
1 12788
2
1 26760
1 8096
2
1 22632
3 28 28815
1 10233
3 10 21029
1 12553
2
2
1 7667
3 14 24578
1 21173
2
3 24 18391
1 5367
2
3 6 30756
3 8 9718
2
1 1954
1 8140
1 1155
3 27 9323
1 24370
2
1 19103
1 6762
3 33 31313
2
2
3 25 673
3 9 21375
1 16615
1 9729
2
2
3 30 25006
1 26514
2
1 22673
2
3 32 25978
1 30899
2
2
1 28025
1 916
3 21 2296
2
2
2
1 17626
2
2
1 2066
2
2
2
1 17787
2
2
1 30761
3 10 21556
3 9 24739
2
3 7 20563
1 5992
3 6 6398
1 13748
2
1 10135
1 29760
3 4 11736
1 1905
1 32680
3 26 31688
3 22 22214
1 7834
2
2
2
2
3 25 16625
3 25 6053
2
3 14 9113
2
3 6 12267
3 10 19209
3 9 30820
2
2
3 16 1057
1 13909
3 14 13959
2
3 9 12318
1 21262
3 25 27428
2
2
2
3 25 21900
2
2
1 8317
3 16 2503
1 17139
1 21836
2
3 24 13223
1 8107
3 9 31835
3 18 7876
3 12 32328
1 18239
1 32222
3 5 19948
2
1 31145
3 24 25722
3 5 30862
1 4967
3 26 9344
3 1 25487
1 30455
1 25475
3 3 22748
3 4 11791
1 18978
3 21 30720
2
3 7 31984
3 28 17295
2
2
2
2
1 16181
1 15165
1 22506
2
2
3 11 22083
2
1 30936
2
1 9170
1 18221
2
1 6678
1 2379
1 22694
3 20 815
1 15000
3 16 22105
1 28895
2
2
3 15 19067
3 3 25326
1 11475
3 9 6993
2
3 4 6870
2
1 10960
1 7275
3 25 25109
1 16069
2
1 17122
1 23436
1 961
1 16388
3 11 25488
2
3 26 3918
2
3 1 9666
3 28 5285
3 16 25245
2
2
1 9960
1 32447
3 26 2456
2
2
3 14 12154
3 28 12811
3 7 4922
3 29 1245
2
3 23 20703
1 20164
3 12 20704
2
1 9001
2
3 24 27880
3 28 12852
3 25 10320
1 23649
3 10 19435
2
3 17 20597
3 22 31466
3 29 21858
3 31 15506
3 23 9457
1 11762
3 25 18541
3 10 17007
3 15 7824
3 15 15626
2
2
2
1 3072
3 9 2880
1 28588
2
1 8982
1 25257
3 27 9009
3 25 3125
1 28773
2
1 26715
2
2
2
1 1393
1 7581
1 6460
2
2
1 22575
3 20 24784
2
3 7 26052
1 7282
3 1 9486
1 27151
3 10 1331
2
1 2738
3 19 24456
1 27523
3 3 31544
2
2
2
1 24389
3 1 26910
2
2
1 17991
2
3 23 31448
3 28 23573
3 30 21277
1 22347
2
2
1 22385
2
2
2
3 24 6159
1 31546
3 26 6088
3 27 23806
1 18142
1 16765
2
1 8950
3 26 23627
1 31559
1 18984
1 27290
3 12 25033
3 17 16016
3 27 8932
3 20 102
2
1 16768
1 28267
3 4 22520
2
2
3 18 532
2
3 4 13850
1 3488
2
3 4 13533
3 23 13308
1 2139
1 31102
3 12 1718
1 18754
2
2
3 24 1486
3 30 20336
2
2
3 17 29523
1 29387
3 12 1920
3 30 7778
3 9 24443
1 24875
2
3 24 19661
2
3 4 16773
3 23 24263
1 19613
2
2
1 31573
2
1 2099
2
1 32435
3 4 20461
2
3 2 8675
1 28967
3 16 15527
1 22714
3 11 22409
1 4021
2
2
3 1 20656
2
2
3 2 21594
3 2 18690
3 22 4794
3 10 24480
2
1 13460
3 12 9758
1 7048
1 6503
1 25321
2
2
1 19431
1 30636
2
2
2
2
3 12 14431
3 24 7578
3 2 25417
3 24 32688
2
2
1 17982
1 7878
1 29081
3 2 7663
3 19 22210
3 16 24489
1 28424
1 26404
1 12426
1 12641
1 9188
3 10 7640
2
3 31 24487
3 15 23891
2
1 17277
1 4236
3 25 6863
3 19 14720
2
3 32 24120
2
2
3 6 11473
1 17682
2
3 16 5365
2
1 547
1 31129
1 11952
1 24667
3 28 30757
2
2
2
3 3 31952
2
1 18794
2
3 13 3014
3 3 10715
3 27 9605
3 15 32716
3 9 18019
2
2
2
3 13 28496
2
3 5 6283
3 16 18566
1 6938
2
2
1 29054
3 15 13398
1 28328
3 18 17215
3 2 6092
1 15607
1 8375
3 12 12299
2
2
2
1 6907
2
2
2
2
3 10 12556
3 3 29803
1 11320
2
1 24682
2
2
2
3 2 23792
1 10034
3 14 20895
3 19 22794
3 13 26212
2
3 1 21591
3 2 28821
3 14 5258
2
1 17384
2
1 17873
2
2
1 7662
3 11 2187
2
3 5 24458
1 15749
1 31673
3 4 25692
1 30402
2
3 17 10339
3 15 4518
1 302
1 30390
1 29953
1 20110
2
2
1 15042
1 27382
2
3 1 2159
1 20914
2
2
3 19 19998
2
2
2
3 8 17610
2
2
2
2
3 5 30098
3 7 22730
2
3 5 19485
1 21452
1 26384
2
1 12474
3 4 2029
1 10998
2
2
2
2
1 26491
1 25210
2
1 4593
1 4771
2
3 4 3531
1 5225
1 6054
1 12917
1 19248
1 11642
1 26668
3 3 4559
2
2
1 4580
3 5 23010
2
3 12 12940
1 6173
1 20469
1 18127
3 7 30204
3 1 24840
2
1 4422
1 21800
3 6 930
2
1 20672
2
2
3 21 3085
3 3 21427
3 6 30182
2
1 26811
3 19 24935
3 1 8569
2
1 31884
3 13 12561
1 31975
1 5033
2
1 27921
3 3 3376
3 21 4406
3 13 5200
3 19 23092
1 14397
2
1 25336
1 21137
1 13747
3 8 24727
3 23 2557
1 15290
3 12 18726
1 30852
3 16 7425
2
1 11313
3 24 10989
2
2
1 28506
3 17 4192
3 15 22233
1 13912
3 16 3061
3 20 2028
3 16 15196
3 17 31189
1 24138
1 17166
1 20090
3 2 22262
2
2
3 7 27473
3 17 28207
2
3 21 17907
1 29658
2
2
1 4912
3 28 20157
1 25153
1 19071
1 7360
1 26675
1 8777
1 24282
3 13 19044
2
2
2
2
2
1 23340
2
1 2338
3 2 25305
2
2
2
3 21 25714
1 15144
2
3 16 29625
1 231
1 26742
3 26 1261
3 26 29300
1 30299
1 32299
2
3 23 21578
3 13 19838
3 30 30949
1 13233
1 15822
1 943
2
3 14 20613
1 6032
2
1 228
1 25403
1 28727
3 20 16364
1 21165
2
2
3 25 27942
2
3 31 6152
3 22 5112
1 22653
2
2
3 11 3329
3 1 25059
3 27 19283
3 31 6161
1 6201
1 26520
2
3 20 27013
1 8522
2
1 19288
2
1 13102
3 31 15308
1 11313
2
1 5215
2
2
2
2
3 29 11969
2
3 28 23497
3 15 16320
2
3 23 22253
3 22 28102
3 2 17656
3 6 2546
3 11 25646
1 31523
1 1627
2
1 8169
3 3 2824
1 3985
3 17 10017
2
1 30129
3 29 10660
2
2
3 6 9951
2
1 17116
2
3 24 21098
3 18 14540
2
3 15 28235
1 3152
2
1 18247
3 21 4012
3 6 16547
2
1 20227
1 16020
3 2 10283
1 27954
1 2911
1 15380
1 18707
2
1 17243
2
3 17 15232
3 14 14865
1 32047
1 15873
2
2
2
2
1 22740
2
1 21794
1 27936
3 11 21913
1 29934
1 13336
1 2921
3 17 23313
2
2
1 31792
3 18 25144
2
2
3 20 18697
1 19201
2
2
2
3 31 25662
1 15499
1 31089
2
1 24250
3 3 16454
1 23951
1 21945
1 3877
2
3 26 2459
2
2
3 25 28168
2
3 28 1217
3 31 23548
3 18 19261
2
2
3 4 6361
2
1 32596
3 12 7122
1 12061
2
1 3542
1 20371
1 3120
2
2
3 19 16832
1 17314
1 544
3 17 27255
3 10 27733
2
1 29723
3 18 3368
1 17908
3 15 7382
1 27707
3 1 11371
3 29 29604
2
1 18433
3 8 18089
2
2
3 30 11654
1 17814
2
3 3 30426
2
1 27345
1 23405
3 20 5915
1 8588
2
2
2
1 7576
2
2
1 29799
3 31 13501
3 20 24899
2
2
3 14 26971
1 6389
2
3 12 14448
1 28389
1 4490
1 6303
1 2108
3 32 8838
1 16245
2
3 9 15039
1 29803
3 34 25661
1 30371
1 14451
1 5479
2
1 142
2
2
1 27564
3 31 20405
1 16084
2
3 1 21707
2
2
2
3 1 31317
1 968
3 24 11606
3 27 5539
2
1 18034
2
1 6509
2
1 10259
1 28552
2
2
2
3 12 6126
3 13 16720
2
1 290
1 24675
3 34 4500
1 1353
1 30644
2
2
1 6962
3 2 22720
1 15521
2
1 27406
1 10250
2
1 32696
1 7159
3 35 21766
2
1 22276
2
2
3 32 30346
2
2
2
1 14138
1 9674
2
2
2
1 23767
2
3 5 1977
2
2
2
3 23 23675
2
1 9488
2
1 12706
3 22 25412
3 15 18841
2
3 1 4540
1 3687
2
3 1 27701
3 18 31308
3 25 29360
1 24575
1 9133
2
3 23 30584
1 28400
1 16237
3 19 26928
3 16 14039
1 12884
1 6123
1 13370
3 2 279
2
2
2
3 3 2897
3 8 12028
3 10 29131
1 10588
1 17108
3 23 3169
1 29794
2
2
2
1 32644
2
3 29 2438
2
1 12877
3 8 22779
1 19314
1 28702
1 25932
3 17 27522
3 24 9719
3 7 31947
3 1 3669
3 31 14482
3 24 25786
1 16562
2
3 28 10189
1 18640
3 27 18348
3 26 29243
1 29330
1 4319
3 24 22483
1 3411
2
2
3 30 14192
1 30699
3 24 27126
2
3 8 25267
2
3 28 10329
3 4 1974
2
1 13286
2
2
3 30 24005
3 4 19586
2
2
1 24810
1 21014
1 9071
3 15 24569
3 18 25748
1 10842
2
3 5 25286
1 25350
1 16803
1 32508
3 20 20032
1 29663
1 29724
3 32 10621
3 4 21531
1 10680
3 28 4350
2
3 4 30849
1 5499
2
2
1 6179
3 14 26480
3 15 11819
3 7 12763
3 37 16573
2
1 29930
3 21 17586
3 5 14558
1 24838
1 29758
3 40 14811
2
1 20452
3 1 22081
2
3 38 26855
1 26202
3 41 12808
3 18 7353
2
1 9558
3 13 30105
2
1 3984
2
3 5 29455
3 6 20741
1 19726
1 27698
1 18563
2
3 21 1627
2
3 19 6104
1 9586
1 26613
3 17 1606
1 24737
1 14070
1 14930
2
2
1 1890
1 26225
2
2
3 5 21507
1 573
3 37 25713
3 10 21859
3 40 2126
1 15580
3 34 18955
3 24 6432
3 45 17203
3 8 18351
1 7056
2
1 23298
3 31 28694
3 43 18325
1 24829
1 31735
3 43 26932
1 9694
3 29 6056
1 22585
3 9 8696
1 5915
1 7542
3 21 4194
2
2
3 38 26678
2
2
1 5870
2
3 35 29699
1 2771
3 43 18732
2
3 8 11319
2
3 22 8203
2
3 14 15064
2
3 26 4419
1 108
3 22 24830
3 14 11544
1 4953
3 31 25109
3 11 27012
2
1 12739
3 39 8452
3 2 22280
1 25616
2
2
2
3 32 3310
3 39 24905
3 20 15501
3 13 7608
3 5 2016
3 7 31756
3 33 16906
1 32658
3 9 10123
1 24706
1 16629
2
3 24 27445
1 25114
3 28 14093
2
3 29 25152
2
2
1 14622
3 26 29772
2
2
2
3 16 16198
1 13087
1 10088
3 29 21480
3 25 5604
1 16155
1 1919
1 1758
2
2
1 26039
3 46 22198
1 5545
2
1 27877
1 26380
3 7 7467
3 18 26659
1 29408
2
1 3025
2
2
2
1 20194
1 8510
3 49 10863
1 15091
3 41 15881
1 26646
3 27 32093
3 1 18455
3 33 30223
2
3 7 29654
1 13347
2
1 5721
1 32042
1 16942
3 32 5170
2
3 32 3732
3 37 20144
1 29828
3 33 15044
1 12585
3 52 7736
2
2
2
3 8 15149
3 34 16021
3 3 28149
3 31 28914
3 37 5543
2
3 45 28961
2
1 11832
1 30619
2
3 47 7082
2
3 46 26684
1 17819
3 46 17523
1 4747
1 15580
1 1904
1 7326
3 48 1722
1 27791
1 7146
2
3 47 15942
2
2
2
2
3 37 15132
2
2
3 25 8673
1 23736
1 24635
2
3 6 10505
2
3 23 23468
1 2819
2
2
1 28017
3 24 25192
2
1 27048
2
3 13 14426
1 27277
1 8186
3 19 22496
2
3 45 1221
1 22535
1 9489
1 14925
3 21 31988
2
3 28 17591
1 17404
3 8 11964
3 47 2706
1 2616
2
1 9760
1 13595
3 14 17444
1 1525
3 22 20105
3 21 19427
2
2
3 10 9176
3 21 22236
1 9035
1 7344
3 33 29327
3 36 5115
3 52 7531
2
1 15209
1 10174
3 11 22327
1 25646
1 4766
2
1 17203
2
3 4 13649
2
3 27 3163
2
2
2
3 10 7349
3 50 27865
2
2
2
3 10 12842
1 26661
3 29 11373
2
1 29058
2
3 7 501
1 17867
2
2
2
2
2
2
2
2
1 18019
1 29548
1 8099
2
1 10240
3 32 7771
1 11511
3 21 32350
2
1 30494
2
1 19864
1 12334
3 38 7739
3 9 18901
1 10401
1 15864
2
2
2
1 16412
3 17 2148
2
2
2
3 32 9886
3 19 22583
3 25 28090
2
3 8 14838
1 22406
3 41 95
2
1 1936
3 8 20046
1 2780
1 5397
3 27 31524
2
3 4 5437
3 47 9226
3 10 9745
3 17 28707
3 43 27963
2
1 3383
1 21843
3 20 11132
1 11205
2
2
3 14 3831
2
3 26 27115
2
2
3 43 4886
2
3 11 13964
1 8642
2
2
3 6 11899
1 9355
3 42 26712
2
2
3 5 27787
1 3225
1 17470
1 8120
1 15820
2
1 11489
1 6141
3 17 4139
1 20412
1 6887
2
1 13757
2
1 30865
1 878
1 3489
1 20447
2
3 45 8164
1 5053
3 38 26835
1 25977
2
3 41 16191
3 34 9640
1 12157
1 18536
1 5897
3 8 10242
2
3 34 9087
3 16 25652
1 18236
1 11651
1 21402
1 17204
2
3 2 6160
3 31 21676
1 15866
2
3 40 19822
3 15 5156
3 16 8763
2
1 8097
1 23613
1 2958
1 2193
2
3 3 12061
3 21 29520
1 17367
2
3 9 13613
1 10049
1 17915
2
3 40 22603
3 42 16214
2
1 6882
2
3 30 2234
2
3 7 13232
2
1 2775
1 17389
3 54 12992
3 50 22883
3 31 16267
2
1 16716
2
2
1 23306
1 18279
3 44 5410
2
3 51 11293
2
3 5 7663
1 24401
3 1 32013
2
1 21077
2
3 13 390
1 28563
3 55 2484
2
1 15514
1 7268
3 29 24366
3 43 16469
1 16387
3 9 11313
3 20 19363
1 18874
2
2
2
1 19407
2
3 45 28745
1 25792
3 57 26781
3 34 4600
3 42 20129
2
2
3 9 23601
2
1 21797
2
1 3617
3 9 1333
2
3 40 28766
2
1 24331
2
1 31600
2
1 27458
3 9 2307
2
1 7852
2
1 10069
2
2
1 5921
2
3 26 22234
3 38 8891
2
1 8202
3 29 20827
1 19376
1 19033
3 27 22494
2
2
1 28627
3 42 13251
1 25299
3 29 19978
1 6520
3 29 20740
2
2
1 23367
3 42 23722
1 25960
1 17292
3 14 21096
2
2
2
2
2
1 2442
2
3 33 10035
1 776
1 9212
3 13 7527
2
1 23927
2
2
3 41 21699
3 18 11331
2
2
3 44 29225
3 8 15023
2
1 3211
2
3 27 7309
3 21 11809
3 37 8844
3 28 24134
1 21745
2
2
3 2 31849
3 38 3433
3 33 10515
3 16 2209
1 17007
3 2 28951
3 17 24545
2
1 12627
2
3 48 18673
3 6 12602
3 9 10944
3 44 29386
1 23490
1 19128
2
1 9804
2
1 22880
3 41 4486
3 47 28172
2
3 13 30726
3 19 27677
1 27167
3 49 21114
1 14557
1 31467
1 10049
3 24 4190
3 29 6740
2
1 16569
3 4 30476
1 18156
1 18022
2
2
3 39 20606
1 30075
2
2
2
3 10 4985
1 25404
2
1 16471
1 14218
2
1 6818
2
2
3 43 15092
2
3 28 16160
3 40 1892
1 350
3 5 19894
1 17864
3 40 11859
3 25 27469
2
1 32549
3 11 26834
3 25 32502
1 586
1 18617
3 15 25474
1 12762
3 51 7683
2
3 29 8299
1 20345
3 7 14496
3 42 19535
2
3 53 26623
3 28 28651
2
2
2
2
1 2391
2
3 17 3017
2
3 34 12302
3 39 5574
3 33 31955
1 3795
1 11470
1 26310
3 45 6324
2
1 17735
3 17 171
3 51 22681
3 26 10619
2
2
3 29 8523
1 29485
1 16255
1 31024
2
2
1 27678
1 9782
1 10253
1 8134
3 7 31006
3 14 9103
1 27736
1 23215
1 17811
2
3 26 10479
2
1 2233
3 52 22302
1 15003
3 35 7031
1 5165
3 1 16684
1 26909
3 17 14482
2
3 49 6818
1 6340
2
2
2
1 6434
3 48 7648
1 16776
2
1 29311
1 20965
3 60 11649
2
2
1 22651
3 9 20468
2
3 48 27115
2
3 38 23460
3 48 15533
1 31900
2
2
1 3293
2
2
3 43 13612
3 4 27373
2
2
2
3 39 25136
3 26 2049
1 528
1 20846
1 14315
2
3 20 20435
1 2008
1 6783
2
3 18 23058
3 2 19759
1 9591
2
2
2
2
2
2
2
3 11 22912
2
3 47 9845
1 32563
3 29 3745
3 25 15727
3 27 18581
2
2
2
1 26445
3 31 28079
3 38 18128
3 11 9126
2
2
3 45 19820
3 37 4925
2
2
3 39 27271
2
3 25 747
3 3 27239
2
3 26 30813
3 25 30394
2
3 35 28738
2
1 16144
2
1 22972
2
3 24 17464
1 26369
3 35 6807
2
2
3 15 14016
1 14660
1 11405
2
1 12969
3 33 10922
3 22 23081
3 5 11550
2
1 28171
1 19446
3 38 8665
3 9 2099
3 31 25085
1 17144
2
2
1 10559
3 15 2806
2
3 15 27108
3 5 11854
1 10997
2
3 9 9291
1 5674
3 1 22332
3 38 3987
3 9 23438
2
3 16 12257
1 1852
3 6 20570
1 23205
1 28014
3 40 6195
2
3 27 25984
2
1 9232
3 25 31108
2
3 18 25706
2
3 8 27224
2
3 37 23196
1 5045
1 11673
2
3 19 28445
1 7436
3 4 4452
3 29 22438
1 10200
1 23489
3 32 22349
2
2
2
3 18 14421
1 21751
2
1 16887
1 23905
1 3122
1 19176
2
2
1 17495
2
2
2
1 16606
1 16561
3 18 20031
3 15 3616
1 5319
2
2
1 20828
2
3 33 16019
1 31656
1 14284
2
3 3 9128
1 26854
1 7278
3 2 5340
1 3265
1 690
1 24244
1 2567
1 8598
1 265
3 9 24834
1 5257
2
1 16882
1 12197
2
2
3 33 1006
2
1 19205
2
3 11 7122
3 16 3532
3 11 32701
1 15442
1 2936
2
3 50 23339
3 39 5007
1 18320
3 12 11338
3 6 17201
2
3 27 11280
1 22976
1 14942
1 15188
2
2
1 13052
3 47 25388
3 35 30321
3 11 30987
2
2
2
1 8051
1 23618
3 14 22392
1 24022
2
2
1 1504
3 48 18307
3 26 9170
1 818
1 27789
1 14384
2
3 42 13792
3 17 24671
3 2 3201
2
3 33 14999
3 49 17463
2
2
1 32624
1 21537
3 35 19969
3 27 19339
1 14878
3 17 778
3 7 18655
3 23 7193
1 19439
3 48 19367
3 39 78
3 30 15443
1 16596
3 41 2113
3 23 11063
1 12937
1 29056
1 23654
2
1 24609
2
3 57 1066
3 36 8614
3 55 10903
2
3 35 28855
2
2
1 23738
3 35 17918
3 43 31843
1 31438
3 53 18311
1 214
1 27969
3 52 20049
2
2
2
3 30 22601
3 49 26138
2
1 29196
1 4971
3 50 9573
2
2
3 48 1779
2
3 2 18955
3 20 9802
3 8 824
3 5 21188
3 47 4347
2
1 24397
2
2
3 20 31318
1 8576
3 44 12561
1 25177
3 46 29210
3 17 702
2
2
2
2
2
2
3 46 795
2
3 11 10544
3 36 25748
3 11 1252
2
3 36 26259
3 42 30976
2
2
2
1 3324
3 32 949
1 12178
2
3 39 27441
3 43 12548
1 28261
2
2
1 2214
3 19 25769
3 6 32554
3 18 17381
1 32643
2
1 9383
1 27097
1 4887
2
3 23 12054
1 21542
1 22826
2
1 30472
3 13 18081
3 10 13870
2
2
1 19489
2
1 11435
1 28739
3 11 25928
2
1 21476
2
1 15378
1 11565
1 30003
2
1 1530
1 9228
2
3 32 22641
3 39 22233
1 32102
3 5 3945
3 22 11379
1 20676
2
2
2
3 14 30970
3 37 10787
3 33 21070
3 3 11696
1 17203
2
1 2829
3 15 26880
3 41 4955
3 23 14351
3 37 15114
2
1 23571
2
1 12307
2
2
3 25 27394
1 22742
1 21785
3 47 27277
2
2
1 10636
3 16 296
2
2
1 16598
2
1 20834
3 35 29253
1 16799
3 39 29312
1 19463
3 11 30499
2
3 3 3487
2
3 28 1070
1 11095
2
1 21151
1 21074
1 21612
1 21779
3 12 28606
2
2
2
1 30420
3 33 19319
2
3 24 11486
3 27 10567
3 39 29489
3 22 824
1 13346
2
2
2
3 44 7015
2
1 13798
3 32 27349
2
3 27 27823
1 27656
2
2
1 19884
2
3 9 23037
3 25 28013
3 15 9115
3 19 5771
3 12 3492
1 29680
3 7 8136
1 24011
2
3 34 29329
3 33 10299
3 35 25974
1 26006
2
1 1043
3 24 24920
2
2
2
2
2
2
3 4 31364
3 23 7739
1 29337
2
2
1 17183
1 16579
3 3 8412
3 25 4059
2
2
2
2
3 17 2706
2
3 34 2862
3 36 18057
1 26249
1 10061
1 31108
2
1 14965
2
2
3 15 11666
1 22524
2
2
1 27294
3 27 21640
1 13086
2
2
1 1757
2
3 6 30607
1 31134
3 35 21619
2
3 20 20039
3 33 2850
2
1 19584
2
1 3802
2
3 19 32579
3 3 18199
2
1 8860
1 859
2
1 42
1 20463
1 2381
1 23759
1 25009
3 20 24971
1 17784
1 347
3 24 25690
1 18724
2
1 28418
3 18 18098
3 36 14434
1 8186
1 13072
3 8 16892
3 16 18720
3 44 12541
2
1 19682
2
1 23054
2
1 2027
2
3 17 27497
2
3 7 16998
2
1 14554
3 34 18662
1 25218
2
1 21848
1 28727
1 12287
3 4 29706
3 1 13290
1 9157
2
2
3 17 17279
3 42 25633
1 19766
2
1 7
3 44 19192
1 6774
3 8 16110
1 5091
2
3 24 31288
2
1 2025
2
3 17 25676
1 4842
2
2
1 16908
3 16 28208
3 42 6174
2
3 22 16913
3 5 25352
3 28 3265
1 9796
2
3 5 28019
1 3613
2
1 4969
3 44 16695
3 2 14928
3 21 18786
2
3 36 28510
1 32032
1 22413
3 1 25914
2
1 10549
3 27 12212
3 47 9351
1 27108
1 32613
1 15538
2
1 15378
3 25 17620
3 49 20104
2
1 10635
1 8930
1 2929
3 44 24405
2
2
2
2
2
3 31 32071
1 8605
3 37 11265
2
2
1 4667
1 7553
3 32 8299
3 35 18746
1 25116
2
2
1 14739
3 16 30410
3 21 19813
3 45 2908
1 11575
1 27579
1 5428
1 1652
2
2
2
1 11268
2
2
3 6 16507
2
2
3 38 31638
2
1 18764
1 317
1 19313
2
3 8 48
2
3 32 30745
2
2
3 14 31531
1 8039
3 44 4216
2
2
2
2
2
1 11580
2
2
3 29 14376
1 15631
3 4 13845
3 35 12232
1 13336
1 14899
1 3428
1 20134
3 30 13218
2
1 24016
3 30 20283
3 22 30889
1 13756
3 19 5594
2
1 6392
1 16739
1 8304
2
1 5946
2
3 11 13214
1 16619
3 25 22802
3 34 2320
3 11 20210
1 3063
3 40 2312
1 21906
3 12 21521
1 1068
1 10127
1 26239
2
3 39 27439
1 5281
3 39 8506
2
2
1 6425
3 49 11545
2
1 32113
1 7682
3 33 31456
1 11392
3 46 26483
2
1 18040
3 33 15233
3 31 20346
3 18 30822
2
3 16 6134
3 50 25494
2
2
2
1 699
3 38 18537
3 6 10567
1 9833
1 11420
3 27 32458
2
3 21 11676
3 19 1201
1 27287
3 8 21174
1 3887
3 52 26409
2
2
1 4891
3 6 6525
3 14 20848
2
2
2
2
3 41 5065
1 32399
2
2
3 14 18694
3 28 15521
1 8365
2
2
2
2
1 21032
2
2
3 24 20384
1 15280
3 21 24280
2
3 19 8538
2
1 12195
1 13125
1 32738
2
1 26087
1 23767
2
2
1 14997
3 7 1071
3 4 12335
1 19255
3 19 27971
3 9 24235
2
3 11 15108
3 36 23263
1 30994
1 27352
3 42 23671
2
3 22 10140
1 3936
2
1 18913
1 15738
3 8 12219
1 12617
3 9 1520
1 26296
3 1 24187
2
1 17022
3 6 31906
1 3155
2
1 9537
2
2
1 4238
3 35 215
3 14 12626
3 50 20559
1 21670
2
3 32 4379
2
3 17 13999
1 29279
1 28455
3 47 25030
3 22 23980
3 47 5630
3 14 6011
1 3086
1 8423
1 12349
2
2
3 30 10546
1 21340
1 1737
2
3 29 30818
3 23 21475
1 435
3 27 6590
1 17274
1 24676
1 14637
2
3 30 22590
2
3 43 3794
1 15227
3 4 16275
3 43 10042
1 6020
3 28 26917
2
2
1 17139
2
1 21608
3 30 27019
3 4 4497
1 8649
3 40 25429
2
3 22 1176
2
3 24 21387
1 3341
1 17844
3 34 11943
3 2 13824
2
3 17 30834
2
3 55 23971
2
3 46 27982
3 6 15770
3 16 31533
1 16929
3 19 9174
2
2
2
2
1 15626
3 27 25010
3 16 574
2
2
1 19592
1 5216
2
1 3248
2
3 15 5895
3 21 23302
3 12 13280
2
1 31988
3 26 17467
2
3 45 10578
3 4 2550
1 12740
3 42 20529
2
2
3 16 10399
1 11180
3 41 26535
2
3 46 20188
1 17999
3 49 9746
1 11493
2
2
1 3153
2
2
3 5 3498
2
3 26 31554
3 20 3085
1 23347
2
3 44 8309
1 10930
2
1 22684
2
1 31759
1 32173
2
2
2
2
1 29702
2
3 23 4356
1 25520
3 34 23258
1 8822
1 26258
2
3 10 20416
1 6304
1 19197
1 27938
3 43 12262
3 22 13460
1 8923
3 17 3145
3 7 996
2
3 18 9775
2
3 42 31370
2
2
1 25126
2
3 22 23482
1 10259
2
1 17721
2
1 23739
1 1448
2
2
3 30 24759
2
1 14868
1 14197
2
2
3 45 17277
3 15 30543
3 25 26317
3 29 9543
2
1 17229
2
3 12 6912
2
3 12 25148
1 1049
3 41 12893
2
1 24445
2
1 27222
3 7 5833
2
1 2876
1 13671
2
2
1 3471
3 12 16079
3 17 1880
1 32568
2
3 14 27797
1 17715
2
3 36 14030
3 25 31895
3 19 23819
3 14 10666
2
3 38 15113
1 9307
3 21 10324
1 17739
2
2
2
1 4468
1 5429
1 20618
3 32 29942
3 23 9924
1 32301
3 22 4261
2
1 8691
3 23 22738
1 4474
1 9602
1 5978
2
2
2
2
3 9 18718
2
2
2
1 6453
3 9 3644
3 25 12081
3 11 27704
2
3 1 29497
1 20559
1 18988
1 24
1 6276
1 204
2
2
2
2
1 17005
1 3782
2
2
1 12070
3 31 26336
2
3 44 13680
2
2
1 14312
3 30 10348
1 1418
1 4162
1 23293
1 15506
1 7218
3 26 28570
1 27674
3 31 18858
3 4 23555
3 39 3509
2
3 48 2413
3 26 30263
2
2
3 46 12067
1 5098
3 22 31661
3 18 29989
3 19 10448
3 25 25074
3 1 32352
1 6503
1 8267
2
1 16461
3 17 25127
2
2
2
3 42 2155
3 33 12870
1 19624
2
2
2
2
3 28 25277
3 5 1634
2
1 387
3 14 5131
3 38 18913
1 30290
1 24306
3 9 9199
3 22 3077
1 18046
3 1 23536
3 34 20968
1 5710
3 8 27714
3 21 23872
2
2
2
1 8608
3 45 21953
1 9755
2
3 28 13234
3 43 14234
3 18 20394
3 27 12294
3 39 3297
3 38 4273
2
2
1 10882
3 30 26223
3 35 14865
2
1 14954
3 6 25127
3 28 22099
3 6 3630
2
2
3 40 4127
3 20 19400
3 23 960
2
3 30 5871
2
2
2
1 9671
2
2
3 13 23435
2
3 2 20679
1 18433
1 24327
1 32380
3 10 26717
3 7 20265
2
3 27 20111
2
2
1 26956
1 10128
1 25073
2
3 25 22401
2
1 23448
1 7105
2
3 13 21189
1 10467
3 8 25462
3 5 32617
3 11 25889
1 26424
2
2
3 2 25791
2
2
3 5 15075
2
2
1 19566
1 25896
3 6 31387
1 12679
1 9784
2
1 5199
1 30458
3 13 31247
3 7 1235
1 15157
2
3 11 31937
3 37 10204
3 7 433
3 17 20664
3 2 22192
2
1 8221
2
2
3 29 6989
3 3 10925
1 29973
3 34 26486
1 159
2
3 33 21004
2
2
3 14 32216
2
1 10957
1 24899
3 5 19420
1 366
3 10 7908
1 26544
1 24494
2
1 19572
1 25323
3 13 14367
1 21730
3 33 27603
1 28411
1 3040
3 30 12558
3 4 28253
3 19 25090
3 29 5672
1 22764
1 28144
1 5334
1 23362
2
3 44 3014
1 3083
3 47 15259
1 15443
1 28598
3 41 18273
3 8 28540
3 2 4360
1 10157
3 8 12277
2
1 31490
2
3 12 23837
1 12998
3 2 12137
2
1 13144
1 20299
2
2
1 31218
1 24389
3 40 28755
2
3 21 13611
2
1 29533
2
3 45 3405
2
3 32 25852
3 17 27376
1 4001
3 6 7805
1 5111
3 48 29456
3 44 9424
2
2
1 26029
3 21 9259
2
2
3 38 28240
2
1 5761
1 15113
1 30270
3 17 13110
1 17463
1 16480
3 35 21667
1 1564
3 47 14472
3 53 15524
2
3 12 21818
3 25 19166
3 7 17408
1 237
3 7 4082
1 30137
2
3 27 2687
3 18 13022
1 11445
1 7219
3 23 31403
1 6509
1 29135
1 31146
1 157
3 1 3589
1 25606
3 26 15831
3 20 11037
1 16910
1 12606
1 3785
2
2
1 18361
2
2
1 28737
3 17 18670
1 3291
1 28981
2
2
3 40 20955
2
2
1 16846
1 22782
1 11655
1 887
2
2
2
1 22364
2
3 24 23527
2
1 16741
3 26 20549
2
3 58 32094
1 26550
1 20102
3 55 21455
2
2
2
3 56 297
2
1 27246
3 3 10573
1 14804
1 4164
3 45 19346
1 14928
3 7 16878
3 55 20092
3 36 26050
3 55 15045
1 8533
3 8 4380
1 27380
3 32 10609
1 7970
2
1 22656
1 28393
2
3 36 11781
3 29 8399
2
2
1 27936
3 48 19399
3 23 10379
2
1 28184
2
2
1 14917
3 59 22073
2
2
3 16 18401
2
1 20457
1 11575
2
2
1 5402
2
1 11455
2
1 31484
1 29794
2
2
3 25 5051
2
1 8977
3 15 5292
2
3 6 18781
2
2
1 4176
2
1 18264
3 21 18853
3 7 8155
3 2 10362
1 23845
2
2
3 33 10600
1 17816
2
1 12991
1 22138
3 32 24272
1 20710
1 15713
3 34 24169
2
3 34 32727
2
3 53 19138
2
1 24999
1 9990
1 20028
3 39 16939
1 6404
3 59 15311
2
3 28 6191
1 18508
3 41 21181
1 6119
1 16097
3 32 9422
2
2
1 13675
3 33 7812
3 47 30431
3 4 5957
3 37 11373
2
1 24975
1 17373
1 27146
2
1 16135
3 47 15690
2
3 26 6338
2
1 5875
3 20 22528
2
3 2 60
2
3 32 27912
1 19985
2
1 15450
3 20 293
1 20693
3 54 3576
3 37 3506
3 52 6003
3 22 8568
2
2
1 23791
2
3 47 16086
2
1 22063
3 26 2390
1 14529
2
2
2
2
1 18307
1 856
1 12450
3 11 25941
1 30964
1 12868
1 22799
2
2
3 26 11191
1 5098
2
1 28913
3 1 15334
3 57 5637
2
3 3 27331
2
2
3 25 3473
3 31 28220
1 9325
3 24 26166
3 28 30832
3 36 21250
2
2
3 26 14520
3 4 11946
3 39 11485
1 11861
3 48 15186
1 32352
3 2 23274
1 6052
1 19269
3 47 32258
3 49 2667
1 1715
2
3 58 2687
2
3 30 20847
3 54 4949
2
3 26 18211
2
3 39 4752
2
2
3 47 19263
3 15 2276
2
2
1 17060
3 2 16424
2
1 7553
3 3 26866
3 51 17471
2
1 118
1 18160
2
1 26425
3 46 25563
1 25859
1 12296
2
2
3 19 29503
3 34 15588
1 15095
1 22112
2
2
2
2
3 53 32295
1 27611
1 6748
3 46 27999
1 30763
2
2
2
1 14721
1 5711
2
3 13 3095
2
2
1 14814
2
2
2
2
1 21687
1 30631
2
1 23720
3 7 6072
1 12924
2
3 8 23404
2
3 51 5768
2
1 19943
2
3 49 24756
2
3 30 1420
1 12387
2
3 10 2788
2
1 10017
2
2
1 8699
2
1 8732
2
2
1 18385
1 5916
3 4 373
1 1996
3 10 3937
1 5495
3 38 11328
2
2
2
1 30209
3 10 29008
1 12348
3 48 11289
1 29324
1 9378
1 54
2
3 24 16288
3 28 5370
2
3 39 13643
2
1 9001
3 42 30347
2
3 16 31833
2
2
2
2
3 42 23104
3 21 9495
2
3 44 31907
1 25728
2
1 22071
2
1 3137
2
1 180
3 31 18473
1 12050
2
3 9 26654
2
3 16 6597
3 29 6802
2
2
1 6876
1 19625
1 22778
2
3 24 20746
1 7061
2
1 4554
2
2
1 18600
1 29582
3 3 15166
1 8090
2
3 4 19072
1 32066
3 27 16352
1 31678
3 49 1939
3 4 30617
1 24965
3 38 5902
2
2
2
3 17 9667
3 10 19899
3 3 15161
3 20 13791
1 16168
1 12472
1 25381
2
1 31447
3 50 13961
2
2
2
3 39 1169
3 20 7755
1 9880
3 17 18293
3 10 10759
2
2
2
1 27135
1 19820
2
3 44 29972
1 20166
3 39 29139
1 8877
1 29544
3 15 7719
1 7982
2
1 5946
2
3 5 29951
1 27397
1 7345
3 45 10308
1 23593
1 6596
1 12758
3 47 19248
3 23 31732
3 39 29935
1 13207
3 2 4787
2
3 2 14580
2
3 23 5880
2
1 22401
1 15184
2
2
3 2 26985
2
3 38 17936
2
3 42 4857
3 8 1986
1 22613
3 32 29070
3 22 5135
1 15369
1 19159
1 21493
1 4466
2
1 18755
1 11399
1 12453
3 53 26196
3 29 6123
2
1 25893
1 5294
3 9 24405
2
3 56 7181
2
2
3 6 8917
1 29665
3 50 2466
3 41 7516
2
1 18608
3 4 14566
3 54 2489
2
2
1 18953
2
1 3359
1 10666
2
3 39 28346
2
1 10921
2
1 6073
3 29 30086
3 9 18740
1 12589
3 6 17464
2
2
2
1 23415
3 45 31410
3 30 10191
2
3 21 6904
2
3 16 1604
2
3 17 32578
2
3 26 18337
1 25022
1 11402
3 19 9168
2
3 29 16987
3 12 10271
2
1 2186
2
1 15772
3 46 14851
1 30507
2
2
1 21779
1 30109
1 28163
2
1 15458
1 22996
1 521
2
1 30078
1 171
2
2
3 38 14066
3 43 27110
1 22453
2
1 20775
1 15357
3 29 11690
1 7138
1 18813
1 7464
2
1 14560
2
2
3 27 1719
3 12 15742
1 22846
2
2
1 26688
2
3 52 4659
1 1993
2
1 26060
2
3 44 5904
2
3 48 3882
2
3 32 926
1 18818
1 22436
3 43 3121
2
3 40 16817
1 23938
2
1 2504
3 50 18006
1 15800
2
2
2
2
3 32 15325
1 922
1 22571
1 9748
2
2
1 31468
3 7 29019
2
2
3 43 23462
2
2
3 12 16063
1 14110
2
1 9483
1 22175
1 28200
2
2
3 16 17813
2
2
3 27 11053
3 46 11742
2
2
1 21724
1 22717
2
3 7 11247
1 507
1 9150
1 18957
1 20870
2
3 9 3539
3 13 25775
3 16 14970
3 40 23676
1 21897
1 31659
2
1 5821
1 2857
1 28876
3 22 29406
3 9 8978
3 12 22693
2
3 53 18727
3 7 8157
2
2
1 13987
2
1 5403
3 2 2824
3 42 11862
2
3 43 22168
3 36 19286
1 4331
1 5601
2
2
3 33 24199
1 15047
3 31 25480
1 20978
1 4115
3 14 2625
2
2
3 48 18162
3 4 10277
3 16 5699
3 35 1529
1 226
1 8705
2
2
3 36 9594
3 39 31941
3 26 10724
1 19487
3 27 9292
2
2
3 8 18057
1 25391
1 11899
2
2
1 17820
3 3 8919
1 13194
2
3 8 17842
1 13559
3 35 5292
2
1 28231
2
2
1 12120
3 42 5935
2
3 21 28518
1 15865
2
3 23 24650
2
2
1 29123
2
1 22217
2
1 11271
1 2324
3 36 2695
1 7846
2
1 15108
3 1 24640
2
2
3 52 31152
3 7 14959
3 29 13509
2
1 20079
3 49 24834
2
3 10 17347
2
2
3 47 907
2
2
2
2
1 14773
2
3 36 17735
2
2
1 5016
2
1 8239
2
1 12651
2
2
1 609
2
3 35 31391
3 10 8955
2
3 35 2725
1 26117
2
3 24 5225
1 9752
3 31 31969
2
1 20478
2
2
3 32 9144
1 24293
2
2
3 24 4462
2
2
1 9732
3 18 7771
3 30 6493
3 22 7850
1 18078
2
3 18 15363
1 26720
1 18609
3 30 23165
1 18011
1 13327
3 25 20064
1 29558
2
1 9164
1 8631
1 25971
3 2 9486
1 30366
3 33 15700
1 12908
3 35 8971
1 25398
2
2
1 3948
1 7386
2
3 36 2804
1 11261
2
1 826
1 7864
3 11 10313
1 3755
3 11 6643
1 31194
1 25754
1 8834
1 28305
3 38 14717
1 3249
1 1827
2
1 18660
1 25529
2
1 8523
2
3 16 546
2
2
3 16 11794
3 13 31479
1 14933
2
1 3174
1 17149
2
1 23584
3 22 25543
2
2
3 24 30997
3 45 13678
3 7 24675
2
2
2
3 50 17720
3 3 20814
2
2
2
1 6838
3 39 15748
2
1 26485
3 28 15039
2
3 24 21829
3 14 29178
1 17618
1 7025
1 28404
2
2
1 2282
2
3 39 26216
2
1 5331
3 18 26092
3 23 14786
2
3 22 28109
2
3 14 16061
2
3 2 3253
3 3 252
3 34 982
2
1 15155
3 27 4855
3 32 20910
1 10328
1 29079
3 37 25278
3 39 25799
1 12444
3 39 23000
2
1 13515
1 13667
2
1 1389
2
1 7201
2
1 4615
2
2
3 31 23165
3 10 13295
2
2
1 31394
3 16 29571
1 10738
2
2
1 8655
2
2
1 27474
3 9 17369
1 10799
3 6 20255
2
1 20337
2
1 26568
1 5254
3 19 28839
3 35 31591
2
1 6354
3 39 21273
3 2 15642
1 17708
2
2
1 29350
2
3 15 26454
3 31 6675
3 20 11150
3 20 11644
3 2 28358
2
1 27602
3 12 14500
2
2
2
2
2
3 40 9264
3 39 12927
1 8022
3 41 30901
2
1 19528
3 38 8745
2
1 2605
2
1 4892
3 43 23811
3 17 765
3 34 11471
1 16535
1 9186
2
1 13009
3 29 10581
3 6 29797
1 14816
3 35 25019
3 11 30341
2
2
1 2229
2
2
3 4 26847
3 7 26183
3 9 19965
1 13933
2
2
3 3 5080
3 33 24919
2
3 21 28066
1 9636
1 27268
1 27
2
2
3 23 26458
1 30283
2
2
1 21580
1 32517
2
3 22 17226
2
3 13 25036
3 22 1808
3 22 13575
2
1 28821
1 11686
1 29916
2
1 31625
3 29 19718
1 14945
1 6864
1 2915
2
1 22732
3 10 1125
2
2
1 7092
1 7399
2
2
2
3 17 18894
1 10519
3 9 3992
2
2
2
2
2
1 5016
2
1 30915
2
1 21179
3 21 12516
1 16282
3 10 7637
2
3 13 23050
2
1 15939
2
2
3 35 2631
3 22 19150
2
3 36 11038
3 32 15104
1 19211
1 3205
3 18 24620
3 18 23039
3 17 23346
2
1 18451
3 38 14179
1 19190
1 25348
1 20272
3 9 9999
1 29612
1 22050
2
2
1 19360
3 2 10627
2
3 34 28937
1 21461
3 40 26943
1 27538
1 11
2
2
2
2
3 18 7978
3 23 20835
2
3 13 3917
1 18635
1 6753
3 29 31154
1 3334
3 43 10940
1 30504
2
2
3 42 10420
3 9 31786
3 20 10098
1 32466
2
2
2
1 3790
3 11 12580
3 16 16586
1 7611
3 28 25206
2
1 4950
2
3 40 26646
3 10 6758
2
2
1 7824
1 17800
1 24112
1 16928
1 23568
2
2
2
2
2
3 29 20011
2
2
2
2
3 3 21026
2
2
3 26 19783
2
1 17017
2
3 7 13650
2
1 32644
1 25173
1 24780
3 23 688
3 1 19108
2
1 25907
3 22 18340
2
2
3 1 29599
2
3 12 31401
1 24640
3 32 32555
3 31 7217
3 6 23470
1 15408
1 17872
3 7 20639
3 25 26907
2
1 14470
2
3 33 29764
1 19822
1 16553
1 13027
2
2
1 12642
1 20365
3 32 28453
3 22 4863
1 4975
3 1 29312
1 9705
1 15986
2
1 23597
3 1 4959
1 4045
3 23 20326
1 19034
3 37 7194
2
3 12 18711
1 18816
3 8 21919
2
3 38 26119
1 17361
2
1 30547
1 26799
1 32531
3 13 21821
2
2
1 13205
2
2
3 22 16596
1 15214
2
1 26104
3 15 11225
3 2 13518
1 21953
3 8 4761
1 23855
2
1 5112
2
2
1 3624
3 30 17118
2
1 9026
2
1 15376
3 27 28744
2
1 2626
1 21251
1 408
2
1 24545
3 34 26734
1 492
1 14413
2
3 43 14551
3 8 2803
3 31 25426
3 1 15805
1 12250
3 15 12396
2
3 29 5743
1 15636
3 2 11417
3 44 27489
3 41 27457
3 42 20541
1 2071
1 4358
1 26156
2
2
3 32 32054
2
2
1 5306
2
1 23214
1 12284
3 1 18910
3 15 16999
3 11 6798
3 37 12237
1 25240
3 2 2769
3 32 19152
3 21 25829
3 12 32422
3 21 21829
1 19113
2
1 9637
3 45 6367
1 22717
2
1 22012
1 9327
2
1 28667
3 49 32350
1 28595
2
2
2
1 21954
3 38 16775
1 32254
1 18109
1 17197
1 781
2
3 12 31059
2
3 15 7947
1 19496
1 8968
1 6407
2
1 19710
1 14681
1 10300
1 23029
2
1 19807
1 23910
2
2
1 8869
1 27757
2
3 48 12263
3 51 12680
1 22271
3 43 7407
1 28380
1 29688
3 51 8820
1 23876
1 15748
1 23716
3 22 5672
1 31853
2
1 28660
1 17517
2
3 28 11762
2
1 27307
3 42 2997
2
1 9944
1 27338
3 48 447
2
1 32351
1 11857
2
1 1723
2
3 46 5992
3 58 1865
2
3 54 29760
2
2
3 59 7734
1 4463
1 25785
3 43 14306
3 53 18942
3 24 13156
3 6 519
3 23 4647
2
1 9905
2
3 32 651
2
2
1 8666
3 21 24493
1 30469
2
1 11095
1 3670
3 23 21688
3 11 32632
3 13 16885
2
3 19 13100
1 26977
2
2
2
1 25227
2
3 60 31498
1 7349
1 24652
2
2
3 25 3410
2
1 2293
3 10 21031
3 45 7313
2
1 9988
1 21526
3 24 19980
2
2
1 7390
2
2
3 58 26148
3 12 28913
2
1 31007
2
2
2
2
3 32 14011
2
2
2
3 2 10197
3 19 13513
1 30190
1 2513
3 53 20101
3 15 32434
1 498
3 31 6086
3 6 19076
1 32572
1 17836
3 44 23284
1 5747
3 49 2839
1 8149
1 22736
2
2
3 4 10324
2
1 3445
1 22117
2
2
3 42 10839
2
2
1 21382
3 31 20038
3 7 7253
1 24457
3 53 23812
2
1 10013
2
1 16353
1 15782
1 12180
3 9 20604
3 23 11721
2
3 52 23802
2
2
3 3 3063
1 9765
3 56 1519
2
1 29379
1 29734
1 30056
2
3 8 15804
3 10 17399
1 17572
2
3 28 17506
2
2
2
2
3 12 31912
2
1 7661
1 5231
1 21863
3 54 9575
2
3 33 6761
3 12 30345
2
1 2574
1 13013
1 18892
3 55 1093
2
1 3879
2
2
3 32 12619
2
3 50 11884
1 15074
1 28223
2
3 37 29048
2
2
3 42 7411
1 5561
1 2964
1 21732
2
3 8 12699
1 14290
3 35 30550
3 6 8931
3 38 26577
2
1 13213
3 13 1388
1 3280
3 33 2292
3 44 28192
2
3 11 16476
1 30033
1 15953
2
1 17237
3 13 15393
3 25 28183
3 39 9931
3 23 3106
1 15955
3 54 294
1 469
2
3 46 16514
2
2
3 21 699
1 2874
1 709
1 13497
1 13194
1 4752
3 36 2479
2
1 994
1 20794
3 56 14697
3 13 5528
3 63 7854
2
2
3 5 28023
1 17723
1 22867
1 14509
1 8125
3 60 4637
2
1 9788
3 9 9215
2
2
2
2
2
2
2
2
1 12601
1 14233
2
3 55 5611
2
2
2
3 42 31973
2
2
3 46 25422
3 24 27831
2
3 34 19540
3 31 28600
2
2
3 15 22090
2
1 5202
1 17263
1 30522
2
3 8 16744
1 15624
1 4616
2
2
2
3 37 23835
2
1 4285
3 15 17666
3 15 26429
2
1 21948
1 20116
2
2
3 20 25871
2
3 40 7417
1 27016
1 5872
2
3 43 16600
3 25 27725
1 16215
3 28 25678
1 20809
1 9376
1 8682
3 17 13212
2
2
2
2
2
1 5491
1 2557
1 26752
2
3 3 18728
1 27207
1 7036
2
3 6 1406
1 6498
2
3 43 18016
3 29 4634
3 12 30509
2
2
1 12739
1 28532
1 15780
1 13391
2
1 9711
2
2
3 16 3263
1 4055
1 13937
3 15 21226
1 20785
2
2
1 5911
2
1 26924
3 30 21525
2
3 53 32683
1 5397
3 30 10995
2
3 35 7865
3 46 18686
3 45 7419
1 14150
2
1 27663
3 26 29324
3 6 9681
1 12363
3 55 30530
1 12626
1 3829
1 10712
2
1 6491
2
3 40 14910
1 15036
3 56 28294
2
3 14 24411
0
