1 23681
1 13944
3 2 5218
1 22602
1 16561
3 1 32486
1 29836
3 1 11341
2
2
2
1 9749
2
1 24252
2
1 8426
2
1 3683
1 26112
2
2
3 2 18511
3 2 5096
3 1 12791
3 1 12731
1 31603
1 30619
3 2 29899
1 8871
1 1140
1 29878
1 3574
3 3 19979
2
2
3 5 7320
3 3 11564
1 13413
2
2
3 5 6040
3 5 6972
3 3 31753
2
3 4 5046
2
1 271
3 4 30829
3 4 29102
1 3253
3 2 12853
3 2 26920
3 5 14709
3 5 25412
2
1 7248
1 11096
3 3 20545
2
1 30618
1 18196
3 3 29251
3 7 18959
2
1 11668
2
2
1 4899
2
1 26377
2
1 5009
2
1 8890
3 5 26725
2
1 21182
1 28482
2
1 20273
2
3 2 23203
2
2
1 19102
1 5840
2
3 2 21687
3 4 10852
2
3 1 7990
3 3 26827
2
1 29332
2
2
3 1 14080
3 2 395
1 2905
1 4873
2
3 1 8495
1 12003
3 1 13488
3 4 14607
3 3 31642
1 633
2
1 7852
1 22117
2
1 24335
1 9164
3 7 1430
2
1 28242
2
3 6 13173
1 4806
1 23175
2
3 4 19258
3 5 19415
1 17167
1 28940
3 1 13045
2
2
2
3 5 28528
2
3 2 14285
2
3 3 18784
2
2
1 9659
1 19292
3 4 18916
3 3 27464
2
2
3 2 21975
3 1 32144
1 30621
3 3 18859
3 3 31123
1 15473
1 21516
2
3 1 22196
3 1 12086
1 29559
3 1 10555
3 2 13514
3 3 31089
1 29907
1 20307
3 3 3602
2
3 6 3868
1 28939
3 6 3961
2
1 25959
3 6 17745
3 2 6377
3 4 620
3 7 12248
3 3 11766
1 9843
1 2772
3 2 23511
2
2
1 29996
1 20410
3 2 24469
3 2 24980
1 31059
1 6106
1 1154
1 7692
3 12 12767
2
2
1 2725
2
2
1 8615
1 5815
2
1 16441
3 10 31189
3 1 16451
3 2 3419
2
2
2
3 6 15542
3 8 26281
1 1357
2
1 3472
1 23082
1 5750
3 5 27029
3 4 6235
3 4 18836
1 32102
1 28720
3 14 1415
3 5 5821
1 19732
1 13587
1 31189
2
1 17629
3 8 27304
2
2
1 12096
1 32572
3 1 16308
2
2
2
2
2
3 6 5427
2
3 9 13663
1 26508
2
3 2 4463
2
2
1 13624
3 10 20819
3 5 2525
1 6803
1 25432
2
1 9471
1 21321
2
1 31609
1 2837
2
1 8737
2
3 3 26922
1 24640
1 14610
1 27718
1 8736
1 8842
3 11 991
2
3 8 31024
1 2430
3 12 13199
1 15069
2
2
3 9 19486
1 13481
2
3 17 14749
1 25406
1 27125
1 21264
2
2
3 5 28276
2
1 18161
1 8299
2
1 29905
3 5 16236
1 2889
2
2
3 12 30825
1 24415
2
1 29987
1 13229
2
2
3 6 19906
3 12 17145
3 17 4970
2
1 14827
2
2
1 28190
2
3 11 27264
3 15 22484
2
3 13 25066
1 18222
2
3 12 22037
1 2605
1 16880
1 14447
3 14 8175
3 17 22730
3 2 8287
3 4 32587
1 7519
2
2
3 3 4458
1 8502
1 30008
2
2
3 8 32197
2
2
3 7 9827
3 12 21839
3 13 27489
1 19351
1 10767
1 16883
2
3 13 7699
1 26050
1 5428
2
2
2
3 11 8618
3 11 3531
2
2
1 18077
1 27139
3 9 31887
1 18734
1 14112
2
3 1 11510
1 10930
3 17 22632
2
3 10 21629
3 10 13222
2
1 14865
1 2878
3 13 30257
1 4393
3 15 14045
1 3975
1 27732
3 3 9954
2
3 20 7422
2
2
2
1 24601
1 157
3 7 18356
2
2
2
2
3 3 20881
3 6 5675
3 1 6890
1 14218
1 12073
1 12317
3 15 30515
1 30692
2
2
2
1 18180
2
3 1 179
3 13 19944
2
2
3 2 14767
2
3 9 21191
2
2
1 19085
3 1 1718
3 5 612
2
1 8877
2
2
3 5 125
2
3 6 32622
1 13452
3 8 13653
1 9169
2
2
2
2
3 4 7189
1 18816
3 3 28944
2
1 20376
1 26823
3 6 14697
1 20834
3 2 469
3 5 26509
3 6 18569
2
3 8 11027
2
1 22316
1 28493
1 15166
2
2
1 25515
2
3 2 4800
2
2
2
2
2
2
3 2 19384
1 25124
1 19125
2
1 17221
2
3 2 7183
1 20832
1 15483
3 6 31157
1 2626
3 1 26952
1 7521
3 3 14901
3 7 2494
3 4 22299
2
2
2
2
1 9897
3 2 2911
1 22462
3 4 3529
1 5783
1 16247
2
1 5179
3 5 26173
2
3 5 24449
1 5639
2
1 22461
2
1 5143
3 5 186
1 3843
3 8 24580
2
2
2
1 768
2
3 4 16129
3 4 20306
1 20885
1 18769
2
3 6 10456
1 10130
3 7 10812
1 13799
1 13539
2
1 2394
3 5 27693
2
1 3595
2
2
3 5 17650
1 2778
1 5865
3 6 22970
1 11181
2
2
1 1718
2
2
2
1 12007
2
3 1 6508
2
2
2
1 4602
3 1 13735
2
1 30741
2
2
3 1 29669
2
1 17713
2
3 2 20470
1 185
1 16632
2
2
1 9574
2
1 25691
3 2 22614
3 3 10084
1 26996
2
1 2552
2
3 3 27245
2
1 31695
2
3 2 29308
1 7964
2
3 1 29067
3 1 490
1 30840
2
3 2 30825
3 2 17015
3 2 17065
3 2 10239
3 1 21815
1 9435
1 4351
1 17736
3 3 22456
3 2 14833
1 22902
3 5 26156
1 18486
3 7 18443
1 553
1 12535
3 6 25048
2
1 8442
2
3 4 13782
1 29550
2
3 1 31286
3 8 29245
2
1 17483
1 1323
3 2 28312
2
2
1 32444
3 7 24949
1 3544
3 5 18187
2
2
2
3 3 11340
3 1 32213
1 31252
3 5 5845
1 2876
3 4 16308
2
2
1 8693
1 10480
2
3 4 28833
2
3 5 5300
1 12625
3 7 6038
3 4 12579
1 12928
2
3 4 11786
2
3 4 20181
3 5 27734
3 1 30827
1 2517
3 7 5316
2
2
2
1 32326
1 17958
1 1984
3 2 5061
3 2 3610
2
3 2 13315
2
1 26505
1 25446
3 7 16241
2
1 5758
2
2
3 1 8409
1 16447
2
1 105
3 2 26216
1 19154
2
1 18197
2
2
3 1 9233
2
1 27551
2
2
3 3 8096
1 10307
1 17971
1 2537
1 23652
3 2 4993
1 21871
2
1 29449
1 3103
2
3 2 25758
3 4 17943
1 25545
3 2 19386
2
2
3 4 7660
3 1 30254
1 31710
3 8 21871
1 1956
2
2
1 17823
2
1 11441
2
3 3 22096
1 4744
1 6007
3 3 12638
3 1 13523
3 6 28543
3 5 3029
2
2
1 11055
3 2 45
3 1 28912
1 23896
2
1 31815
1 24765
2
1 22877
1 25868
3 1 1706
1 13423
2
3 5 32301
2
2
2
3 3 31264
3 2 8645
2
1 16618
2
2
2
2
1 17262
1 3003
1 23601
2
1 6260
1 31391
2
3 4 27972
3 5 14129
3 7 8368
3 2 3236
3 1 18381
2
3 6 9461
3 1 7101
2
2
3 4 25254
1 11648
1 5888
2
1 6747
3 3 7733
2
3 3 3759
1 17610
2
1 2498
1 31149
1 9400
1 29819
1 14387
2
3 3 10711
2
2
1 16974
1 8817
2
1 9801
3 6 2238
2
2
3 7 15358
2
2
2
1 9153
2
1 4913
3 4 6998
2
2
2
1 23497
1 10775
2
2
1 16717
1 9678
2
1 7276
2
2
3 2 1406
3 1 21004
1 9559
1 3583
3 4 31665
3 1 21485
3 1 5829
3 3 24300
3 2 30403
3 4 32405
3 1 3027
3 3 29576
3 1 18129
3 1 17019
3 1 32477
3 1 14478
1 27405
2
2
2
1 31972
2
3 1 4962
3 2 24710
1 21603
3 2 30391
1 2879
1 10667
3 4 5037
1 4648
1 19839
2
3 2 1654
2
2
3 3 15155
1 9030
3 4 25972
2
1 12120
3 1 17941
2
3 2 581
1 28539
1 26189
1 14677
2
2
1 30642
1 12077
2
3 2 26924
2
3 5 7257
1 5179
2
3 5 14739
1 20872
3 5 21984
3 3 6461
3 5 26729
3 6 16668
1 32633
3 7 25112
2
2
3 2 5930
3 3 4251
3 3 239
2
2
1 5993
2
2
1 30767
1 29493
3 4 8715
1 15470
2
2
3 3 8385
1 20124
1 13384
3 5 19745
3 3 18592
1 4550
1 12305
3 1 5361
3 3 11659
1 10601
3 4 10997
2
2
1 23756
1 27070
2
3 7 3043
1 24801
2
1 13705
1 11086
3 8 25618
2
2
2
2
2
2
2
1 23523
2
1 23736
3 3 23749
3 2 31164
1 4170
2
1 29451
2
3 1 18876
3 2 19250
3 2 15100
2
3 2 3172
1 5243
3 2 21618
3 1 28019
3 2 4173
1 11956
2
1 17753
2
3 3 28378
1 1514
2
3 1 18809
1 26725
1 501
2
1 2198
3 5 10496
2
1 4879
1 19414
3 2 9264
2
1 13017
1 11200
2
2
2
1 30701
3 2 8914
3 4 1948
2
3 4 3785
3 4 26945
1 11015
1 16064
3 6 1264
1 20133
1 23983
1 5835
3 1 30236
3 1 19693
1 12542
1 18405
1 28552
1 21017
1 21040
1 9384
3 6 5702
2
2
3 3 25583
1 27332
2
2
2
2
3 4 32369
1 27002
3 5 477
2
1 3547
1 24626
1 21802
2
3 11 14701
2
2
1 29654
3 8 6100
3 11 14936
2
1 31609
1 13608
1 9016
2
2
2
1 22286
2
3 2 20385
2
2
3 2 9058
1 22362
3 1 32330
3 6 29766
1 20384
2
1 2971
2
3 6 758
1 13560
2
3 1 17836
1 7182
1 15111
3 11 31255
1 6733
3 5 18224
2
2
2
2
2
3 4 25588
1 4348
2
1 28071
3 8 2405
3 2 30530
3 2 15384
2
3 5 32295
3 7 28107
3 6 25982
1 15277
3 1 2418
3 4 13489
2
2
2
3 2 13185
1 11941
1 11653
3 6 25316
2
3 5 22445
2
1 245
3 3 4903
3 4 10156
2
2
1 31316
3 5 17026
3 1 8072
2
2
3 3 16995
2
3 1 20791
3 1 18657
1 6162
2
3 2 4662
1 30826
3 3 3371
2
1 4401
1 27184
2
1 28344
1 12370
2
2
3 3 12632
3 2 12379
2
3 2 20474
3 2 14922
1 31917
2
3 1 8789
3 1 18782
3 2 5429
3 2 10431
1 26048
2
1 9239
1 17623
2
3 1 8558
2
3 2 9754
1 25020
2
3 2 14158
1 23653
3 1 31127
2
3 2 22951
3 2 18200
1 26802
1 1782
2
2
3 1 25625
1 18654
1 30580
3 3 28520
1 30840
1 22406
3 3 27980
2
3 3 5593
1 13753
2
2
1 8473
2
2
3 1 17742
3 2 22758
2
3 2 12328
1 10585
2
1 24629
1 5302
2
1 20418
1 18249
1 10391
1 2245
1 12510
1 13954
3 7 26055
2
1 14023
2
3 4 11611
2
2
1 32012
1 18478
2
2
1 14255
2
2
1 21045
2
3 2 28838
3 2 31740
3 1 27493
3 3 13627
3 5 19557
3 1 30040
2
3 1 31720
1 29639
3 2 857
3 5 18120
3 3 15344
3 3 13620
3 2 27819
2
1 26977
2
1 7603
3 1 29444
3 3 31215
1 21038
3 5 6336
3 4 20733
2
3 5 32655
1 14960
3 5 4749
3 2 1072
3 2 27371
2
3 2 5489
1 3585
1 21517
2
3 6 16053
3 1 9471
2
1 11921
3 1 12942
3 4 23310
1 20391
2
3 1 9785
1 6696
2
1 23539
3 1 24423
2
3 6 12282
3 3 18551
2
3 1 21847
1 26120
3 4 12949
1 6517
2
3 2 8847
1 17511
3 1 21322
2
1 9392
1 13917
3 6 3117
3 5 651
1 8777
1 26047
1 14700
3 4 20631
3 1 11814
2
2
2
3 2 31780
1 25435
2
2
3 2 4968
1 17037
3 4 26511
2
1 24582
1 13463
2
1 3182
1 11581
3 6 29270
2
2
2
1 29933
2
1 28041
1 12028
1 18976
3 5 1434
3 7 29899
2
1 7849
3 1 9173
2
1 6150
1 16996
3 5 4209
1 27411
1 32386
2
2
2
3 10 32603
3 6 5591
3 2 8422
3 5 12123
2
3 4 4362
3 5 6188
3 1 30023
1 25782
2
2
1 31612
2
3 1 28225
1 2831
1 23439
3 3 24897
3 2 14693
3 1 20665
1 14839
3 9 31911
3 11 1687
3 8 901
3 11 19303
3 9 4408
2
1 9370
2
3 3 17717
2
1 10011
1 613
2
1 10205
3 11 6561
2
2
3 7 11847
1 25872
3 5 14360
1 6061
3 11 9227
2
2
2
1 7000
2
3 6 32189
1 24170
3 3 23607
2
2
2
1 4230
2
1 28305
3 2 29586
1 15623
1 32372
3 2 10164
1 15258
1 12091
1 17226
3 4 29702
2
1 2771
3 10 22852
3 3 25671
2
1 7643
1 27723
3 1 15444
3 10 11237
3 10 23611
3 6 4558
3 13 2569
1 27114
1 4986
3 1 2617
1 11573
1 16328
2
1 16169
3 5 12402
1 25233
1 16048
3 5 10153
1 20712
1 22476
1 12580
3 19 24752
1 16436
1 1193
2
1 1764
1 10636
1 30127
3 17 26855
3 23 29740
2
2
1 18596
3 4 19480
2
3 11 3104
3 12 31510
2
1 16488
2
1 12193
3 4 4852
3 18 7952
3 8 16604
3 5 21704
2
2
3 15 14528
1 2504
2
2
3 9 25097
1 2421
1 17639
1 16389
3 8 14760
1 27282
2
3 1 32122
3 8 22
3 17 8146
3 10 1667
3 5 10639
3 8 11551
2
3 21 21785
3 11 7377
2
2
3 8 28065
2
3 14 11474
2
2
3 16 19416
2
2
1 12431
1 31999
1 5716
3 12 20675
1 40
3 15 21249
2
1 9851
1 10831
2
1 8150
2
3 15 31924
1 1624
2
1 901
3 6 26093
1 7473
3 9 26969
1 19939
2
2
2
2
1 10066
2
3 9 18016
3 10 6987
3 6 24437
2
2
3 9 7347
2
3 13 10053
2
2
3 13 32721
1 9736
2
3 5 13301
2
3 5 13548
1 27306
3 11 31874
3 12 6639
2
1 17215
3 14 14568
1 1406
3 12 13826
1 29606
3 5 3769
1 15826
2
1 21299
2
2
1 12822
1 10692
3 6 29276
2
1 2567
1 20489
2
2
3 3 5826
3 1 17904
1 4467
1 31531
3 4 15641
2
1 26964
1 25217
1 29219
1 17627
1 14293
1 23016
2
2
1 31555
2
3 7 19334
3 14 29587
2
3 14 14092
2
2
2
1 13719
3 3 1395
1 13907
3 2 15743
3 13 13184
1 9311
3 11 18837
3 2 28662
1 8160
3 5 1314
3 2 9643
1 20327
1 6250
1 17610
3 3 5562
2
2
3 2 6324
1 10134
3 18 28490
3 22 7432
3 8 15378
3 13 13119
2
1 6046
1 30403
3 3 1029
3 9 15510
1 23243
3 24 17607
3 6 7339
3 3 3878
1 11790
2
1 21221
1 27754
1 27007
2
3 5 21748
3 17 7168
2
2
3 14 7591
1 32693
1 4442
2
3 4 26486
2
1 10105
3 14 29095
2
1 27374
2
1 20998
1 29465
1 30063
2
1 11299
2
2
2
2
3 18 11167
2
2
1 23734
3 18 3392
1 20430
3 9 19175
3 1 424
2
1 27078
2
2
3 22 24418
1 29578
1 32766
1 15860
1 23321
2
3 7 19125
3 7 2627
1 1509
3 3 10743
2
1 14054
2
1 17212
3 17 25731
1 20344
1 17194
3 14 32676
3 12 16251
2
3 25 15948
3 17 27179
1 23130
1 29335
3 18 32046
2
3 20 2714
2
2
3 10 7084
2
2
2
3 6 18625
1 4681
3 7 23793
2
1 22944
1 3473
3 18 9060
1 19839
2
1 24421
3 2 21793
2
3 12 5427
2
3 17 16021
3 2 17693
3 23 30877
3 6 1095
2
3 6 23246
1 19100
3 18 21771
1 563
1 24266
3 21 26485
3 7 13289
3 16 32502
3 15 26669
3 3 8563
1 32548
1 16638
3 6 5229
1 31253
2
2
1 15582
3 4 15438
1 18173
1 21203
1 24880
1 5014
3 2 13434
1 29291
1 10211
3 20 21386
2
1 12577
3 19 19182
3 25 5204
1 26208
1 3893
3 35 23542
2
3 2 30831
1 15537
2
1 29503
1 1163
1 14859
1 18513
1 17463
1 8891
1 9402
2
1 21461
1 19140
1 7644
3 1 22028
1 32220
1 19555
3 25 29374
1 9298
1 7031
1 30368
1 11150
2
3 3 8153
3 13 11569
2
3 22 1172
1 30738
3 2 16998
3 47 22394
1 21643
3 38 17607
2
3 10 13345
3 13 32110
1 7261
1 10942
1 4262
2
2
3 28 26321
3 50 5905
1 29619
3 4 22056
1 1422
2
2
3 29 25293
1 21683
3 37 24362
1 7397
1 29474
2
1 14791
2
3 25 26698
3 14 2057
2
2
2
3 19 4673
2
3 7 16830
2
1 5563
1 12482
3 16 25630
1 21105
2
3 12 15084
1 27756
1 22949
3 40 12163
2
1 2370
2
3 34 18901
2
3 17 12558
2
1 22191
2
2
3 18 14992
3 22 7914
3 24 3024
1 17757
3 13 25324
1 23603
1 18826
2
1 17577
2
1 18017
1 18952
2
1 11612
2
2
2
2
3 7 1759
3 18 24113
1 17113
3 39 1254
1 19868
1 28245
2
3 37 18942
3 27 18577
2
2
2
2
1 18629
3 30 11733
3 37 10001
2
3 23 16438
2
3 29 1426
2
2
3 40 9746
3 2 22881
1 24754
3 40 16863
2
1 19930
2
1 16064
1 2478
3 16 29871
2
2
2
1 22750
1 9567
2
1 10463
2
2
2
3 10 25302
1 19212
1 21660
3 1 9476
3 5 10530
1 14845
2
1 26788
2
3 13 7122
2
1 27179
2
1 783
3 33 3168
2
3 14 14670
3 11 26283
2
3 35 14229
2
2
2
2
2
2
1 25852
2
1 24046
2
1 28653
1 28699
1 20712
1 9553
3 21 13149
2
2
3 13 17808
3 19 23668
3 14 28337
2
1 2466
1 18691
3 35 12111
1 21014
2
3 13 29829
1 8382
1 17668
3 2 5007
1 102
3 28 24761
3 19 16591
1 20163
1 25342
2
3 2 26896
2
2
1 20461
2
3 11 13302
2
3 22 27534
1 23593
2
1 27408
1 5554
2
1 23968
1 23877
3 36 13971
3 4 4574
2
3 4 16823
2
2
1 126
3 37 31095
2
1 17024
1 3120
2
1 24525
1 17177
1 1912
2
1 18013
1 23204
3 22 24028
1 24662
1 25080
3 15 32449
3 16 275
3 14 15540
3 43 5031
2
3 42 11089
2
1 16855
1 7961
1 17567
2
1 17659
2
1 15601
2
1 8999
1 6800
2
3 17 6546
1 23197
3 27 6026
1 30227
3 9 28421
1 3342
3 40 11151
2
3 9 30329
2
2
2
3 37 22575
1 21914
1 6826
3 38 3497
1 26952
2
2
1 9583
3 17 4501
1 10371
2
2
2
1 31138
1 11241
3 2 11866
1 13596
3 10 30741
3 21 19483
3 11 25729
2
1 9258
1 26193
3 11 30213
2
3 18 32322
1 6150
1 17865
3 14 30849
2
2
1 19150
1 20105
1 10473
1 5097
1 13358
2
1 17621
2
3 8 21150
1 19894
1 13641
3 35 11693
1 10040
2
1 2365
2
2
1 28676
2
1 12612
1 14162
3 36 6249
3 26 8618
2
1 1498
3 29 271
1 9513
1 375
3 33 85
2
1 7164
2
1 22271
1 8211
2
3 42 8446
3 48 6845
2
1 32028
2
3 8 10274
2
2
2
2
1 13695
2
1 11505
1 12895
2
1 29109
2
1 21381
3 3 32344
2
1 27282
1 5587
1 26644
3 44 10186
3 56 4631
2
2
2
3 27 551
2
2
1 23092
1 32174
3 30 11925
2
3 12 12580
3 51 30456
3 30 5338
3 29 6475
2
2
2
3 19 29303
3 36 27697
2
3 25 31291
2
1 14435
3 9 18650
2
3 9 4984
2
1 8429
1 30591
1 9064
2
2
3 45 24813
1 6034
2
1 25917
1 16259
1 26551
3 17 996
1 30697
3 19 22569
3 1 18298
3 46 11832
1 21028
3 50 12952
1 15989
3 29 31832
2
3 29 21787
1 32485
2
2
2
3 45 20523
1 11564
3 18 4697
1 13138
3 46 14499
3 8 17531
3 16 908
1 5919
2
1 19398
1 9651
2
2
2
3 8 28773
2
3 40 9844
2
3 25 10532
1 297
1 16147
1 103
1 17910
1 26297
1 24274
2
3 3 10864
2
1 13152
2
1 10894
3 9 19246
2
1 20087
3 47 18458
2
3 25 7833
3 10 25256
2
2
1 4782
1 26573
2
3 3 3075
3 13 19671
2
3 22 12077
3 25 92
1 899
2
1 32161
2
3 25 31787
1 13419
1 17121
3 52 30748
2
3 24 4462
2
2
2
1 30182
2
2
1 882
2
1 24309
1 1024
2
3 49 14571
2
1 7833
1 17697
1 4801
2
1 20011
2
1 17133
2
1 12168
1 32328
3 16 29210
3 32 11318
3 35 20372
2
2
1 5425
3 29 9111
2
3 49 26414
2
2
1 4098
1 9931
2
1 13832
3 21 12808
2
3 35 28080
2
2
1 27246
3 45 25849
1 26954
2
2
3 27 14067
3 43 20162
3 26 31946
3 11 21321
2
3 35 15793
1 15861
1 28834
2
1 9063
1 5533
3 42 339
1 20558
2
2
2
2
2
3 39 28402
2
2
1 18614
3 16 1113
3 15 15098
1 6325
3 8 31374
2
1 26183
3 42 1151
2
3 10 6749
1 30466
1 3395
2
3 36 22485
3 17 29338
1 10312
2
2
3 13 14854
3 11 4886
2
1 16328
3 4 1918
2
2
2
1 21049
1 8814
2
1 7859
1 7131
3 3 14421
2
1 24056
1 24443
3 28 15392
3 28 16316
3 14 17198
2
3 2 5620
2
1 18735
3 1 8000
1 26208
3 43 5283
1 15727
3 31 16471
2
3 7 5705
2
2
2
1 18357
2
2
3 16 3494
2
3 33 13790
3 11 22723
2
3 27 11927
2
3 30 18358
3 4 9623
3 26 25664
3 15 14955
1 20904
2
2
3 5 24249
2
2
3 15 32657
2
1 1476
2
2
1 24932
1 32516
2
1 22516
1 3644
3 5 14529
2
3 19 6108
3 12 23458
2
1 8459
2
2
2
3 6 26997
1 5434
1 9180
2
2
2
3 18 12780
1 7692
1 29075
2
2
1 10912
1 12054
3 15 3422
2
3 9 23942
1 11149
2
1 10697
3 7 10154
1 3583
1 26176
3 17 32363
2
2
3 28 1203
1 8221
3 5 17601
2
3 24 13
2
3 25 11699
1 909
2
1 1159
1 23509
1 25786
1 9687
3 8 28385
3 22 23706
2
1 1826
2
1 8128
1 23693
3 4 19729
2
1 18905
3 27 9594
2
3 14 10032
1 30789
3 8 22481
3 19 27544
2
3 3 26532
3 36 16276
2
2
1 21152
2
3 23 22062
2
2
2
2
3 4 28135
2
2
2
1 29754
2
2
1 16496
2
3 15 8858
2
3 16 6558
2
1 17331
1 16947
1 19694
3 26 10367
2
1 22107
2
2
3 15 17149
3 23 10836
2
2
2
2
2
2
1 12691
1 9844
1 7640
3 2 17059
1 5564
3 7 13511
3 22 31891
2
3 18 4853
3 12 27541
3 12 4773
3 10 27146
1 25573
1 18804
1 11640
1 22023
3 17 17251
3 10 11120
1 22100
3 21 7009
3 10 21603
2
2
3 14 6056
2
3 2 11429
3 10 16677
1 9638
3 19 10201
3 19 9143
3 10 17303
1 19715
3 10 795
1 11252
2
1 2608
1 11624
3 22 31940
3 1 28305
1 3970
1 982
2
2
2
1 29538
2
1 5480
2
3 7 32363
2
3 21 15473
2
1 29979
1 7296
3 18 11727
3 14 26437
3 2 30866
1 17606
2
1 32434
1 28447
3 29 17790
1 30576
1 22710
2
2
1 12162
3 5 1813
3 16 32376
3 8 9804
2
3 20 19247
2
1 17811
2
3 28 4936
3 14 24614
3 6 26048
1 4558
3 20 4062
2
3 25 6017
1 22558
2
2
1 16890
3 17 3223
2
3 24 1700
1 28995
2
2
2
2
1 20181
3 13 10989
3 22 6167
3 21 20536
3 7 7407
2
3 17 26867
3 12 2333
1 22433
1 19714
3 12 8858
1 20731
1 9497
3 20 26974
1 16726
3 19 21325
3 1 25117
2
2
1 28436
1 9487
3 16 4954
3 6 26189
3 8 16183
3 27 3558
2
1 7703
3 21 10436
2
3 21 5464
1 2678
3 6 20045
3 9 11652
1 32232
1 21004
2
2
3 17 6647
1 11144
2
3 15 21847
2
3 7 3298
3 27 7406
3 7 2126
3 12 9822
2
1 25290
1 5032
3 21 7941
1 25989
3 5 16883
1 16831
1 21169
1 26824
1 4641
1 14746
2
3 27 29680
2
1 1212
3 25 32327
3 19 24756
2
3 33 4294
2
3 22 9089
1 20766
1 6274
1 32145
1 17561
2
1 9560
2
2
1 12760
3 10 1339
3 18 29758
1 30378
2
1 23615
3 12 32213
3 23 20797
2
2
2
1 11786
3 2 18308
2
3 31 15416
1 10674
1 27707
1 7340
1 20895
1 26038
2
1 18112
2
2
2
1 17748
2
3 25 19490
1 12302
3 27 20232
3 4 1021
3 8 47
1 23548
1 2311
1 29789
2
2
3 7 16001
3 36 17606
1 17367
2
3 29 30921
1 12714
3 33 3102
1 25759
3 2 25807
1 7251
1 6152
1 645
3 5 4136
2
3 18 26683
2
3 17 5930
2
1 2810
2
1 2079
1 21086
3 2 29404
1 32652
2
3 12 22742
1 2544
3 7 5628
2
1 30363
1 15507
3 36 18099
2
3 40 9572
2
1 32391
2
3 3 23614
1 4146
2
1 2134
2
2
2
3 34 29916
2
2
3 12 2074
3 33 4370
1 14159
1 6997
3 14 20429
3 12 18773
3 19 22661
2
3 33 3666
2
1 14160
2
2
3 22 15113
2
3 17 25619
3 34 17086
1 24008
2
1 11175
1 9074
1 16936
1 28774
2
1 13687
2
1 31921
1 10869
2
1 17127
3 19 22633
2
3 34 45
2
1 30111
2
3 37 2171
3 17 12575
2
2
1 22001
3 30 32359
3 3 26947
3 35 25583
1 2640
2
2
1 18403
1 31746
1 27709
2
1 17731
2
2
1 22517
2
3 26 3307
2
2
2
2
3 14 2652
1 3485
2
3 18 32003
1 16698
2
2
2
2
1 12587
2
2
2
3 20 7388
2
2
2
1 27997
3 2 14432
1 9989
1 26976
3 27 30384
2
1 10503
1 12419
2
1 8410
2
3 9 7575
1 16939
1 20687
1 17968
3 14 10936
3 8 6131
2
1 15556
3 12 14775
1 25740
3 2 4196
3 16 31766
1 21575
2
2
3 10 23264
3 25 5810
1 1836
2
1 16658
1 5839
2
2
3 22 20290
2
3 11 27215
2
2
1 6372
3 14 15598
2
1 31904
1 19465
3 18 15724
1 2218
1 16801
1 26364
1 1938
3 16 18865
1 3208
3 12 3688
3 33 19082
3 1 25429
1 2347
3 1 8268
3 15 12308
3 34 8753
2
3 25 6297
2
3 11 5770
2
1 19482
1 30767
2
2
2
2
3 29 20137
1 23272
1 19826
1 11185
1 17139
1 27688
1 4765
1 15731
3 10 1694
1 24802
3 28 7654
1 1074
3 6 17344
3 17 31439
1 32470
3 35 10171
3 4 13432
2
3 15 18544
2
1 29668
2
1 17516
2
2
3 1 24640
2
1 17510
2
2
3 4 15580
1 3722
3 34 30030
3 4 1222
3 29 2453
1 23486
3 5 5984
2
1 14378
2
2
1 16558
2
2
1 18276
3 25 27833
1 21194
1 25768
1 27948
3 4 11647
3 29 31093
1 4832
1 31152
3 41 17026
3 37 24528
1 11341
1 31974
1 17060
3 43 25136
2
1 25587
1 13398
1 24948
1 1221
3 20 21414
1 26416
2
2
3 30 17060
1 17630
2
2
2
3 12 29470
1 27965
1 19199
2
1 7693
2
2
3 38 22175
3 24 14704
3 35 4328
1 29946
1 1004
1 20989
3 41 9620
2
1 2324
3 6 3150
2
1 5532
2
3 27 23318
1 15495
1 21238
1 30836
1 7324
2
3 13 10799
3 38 5422
1 8721
1 19747
2
1 14697
3 41 4233
2
3 11 953
2
2
2
2
1 21000
2
1 4708
3 14 26337
2
2
2
3 34 32104
3 11 23453
1 737
1 3349
2
1 12393
2
2
2
1 6380
2
3 33 10077
1 24136
2
1 21845
3 3 13602
1 26963
3 43 20428
2
2
1 8783
3 39 16030
3 20 8086
2
1 5279
2
1 20855
3 41 25946
2
3 25 26905
3 36 27430
2
3 14 5307
1 6084
2
1 10521
3 42 24625
1 7453
1 5561
2
2
2
2
3 3 12925
3 22 16952
1 24089
1 1704
3 17 20143
3 40 32222
3 4 32532
2
2
2
1 14803
2
3 34 20090
2
3 7 21134
3 4 27681
2
2
2
1 23012
1 5468
1 17554
2
3 33 8559
1 10765
1 16358
1 21458
1 14607
2
2
2
2
1 26976
2
2
1 3141
2
3 20 26783
1 13914
3 34 9549
3 17 5196
2
1 24583
1 13893
3 28 28233
1 25867
3 17 2431
3 18 12827
1 30056
1 24914
2
3 12 24429
1 23717
3 41 6959
1 31675
1 18055
1 13130
2
1 2691
2
3 16 2287
2
1 22679
1 28796
1 29288
3 14 17607
3 10 31295
1 29080
1 22670
1 27950
2
3 32 4299
1 27161
3 41 16235
3 5 16250
3 16 13352
3 49 12790
3 29 16780
2
3 16 32390
1 2500
1 32601
2
1 3090
1 25328
1 24692
2
2
1 5478
3 43 16957
2
3 30 26267
3 14 8959
1 23182
2
1 24709
1 791
3 38 31399
1 6700
2
1 21529
1 4396
3 52 23677
3 49 437
2
1 2838
3 4 4083
3 20 26784
1 21175
2
3 45 28009
3 26 17868
1 23360
3 3 6057
2
1 13747
2
3 43 8432
3 37 5214
2
2
2
1 9368
2
2
2
3 30 10346
2
1 21713
1 3579
2
1 26633
2
3 40 26082
3 7 29860
2
3 43 27772
1 20170
3 38 8574
1 31987
1 4455
2
1 29087
2
1 31567
3 43 12525
3 42 18840
1 24956
2
3 43 2731
1 8263
3 45 18556
1 3524
2
3 9 19145
2
3 6 29533
2
2
2
1 28342
3 8 19953
2
1 17683
2
2
3 21 2197
1 11923
3 23 16770
2
3 39 30655
3 4 10286
3 46 17978
1 10076
3 22 22033
2
1 616
3 27 14298
1 13307
1 6127
3 39 27708
3 46 1468
3 13 32645
2
1 21730
1 22618
2
3 34 440
2
3 17 22155
3 28 9566
3 41 15662
3 34 2518
2
1 8177
1 4314
1 16398
2
2
2
2
2
2
2
3 2 10321
1 11404
1 31141
1 9494
2
2
1 6579
2
2
3 37 3622
2
3 37 421
2
3 30 25633
2
1 9169
1 24324
1 12068
1 4249
2
2
3 29 17194
2
1 19591
1 31564
1 26618
3 45 30695
1 21731
1 31118
1 31287
1 2166
2
2
1 10556
3 21 5843
3 17 27427
1 23854
3 17 28285
3 35 268
1 6092
1 16335
3 30 19971
3 25 12838
1 29244
1 30943
2
3 19 1644
2
1 21352
3 43 8671
3 51 2420
2
3 50 13274
1 10545
2
3 26 28747
2
2
1 7281
1 14189
3 34 25795
2
1 174
1 9337
2
1 7675
2
1 7239
2
3 23 16004
3 42 11195
3 19 6844
3 51 25056
3 38 24393
3 32 21698
2
2
1 17756
2
2
3 32 2404
2
1 26200
1 23429
1 9149
1 8427
1 29877
1 8736
3 31 24288
1 5748
3 38 22801
2
1 18299
2
2
2
2
1 28561
1 25564
1 28892
3 5 23841
2
1 24941
2
1 20392
2
1 8422
1 3530
3 25 6992
1 16753
2
2
2
1 18943
2
3 22 17253
3 11 1457
1 12423
2
3 21 16230
3 2 22306
1 13484
1 17848
1 18046
1 2543
3 54 29959
2
1 11031
3 2 32459
3 33 28617
3 55 10808
1 7527
3 54 20872
2
3 51 27855
2
3 18 29375
1 5509
2
3 47 9339
2
1 27677
3 43 13643
2
2
1 30980
3 36 7100
3 12 4405
2
1 20218
2
2
1 5852
2
1 13889
3 48 12950
2
3 44 19829
1 14553
3 32 203
1 2280
1 30559
3 24 10917
2
3 24 24884
1 20255
3 42 21313
1 27517
2
2
1 11433
3 29 15754
2
2
3 11 22061
3 23 28723
3 44 5922
1 50
1 21036
2
1 31787
3 16 4914
3 51 28381
2
1 7641
2
1 21020
3 3 29583
2
2
3 13 16879
2
1 9701
3 39 9022
3 39 9061
2
2
1 17765
2
3 50 12383
3 43 25163
3 49 18295
2
2
3 31 22743
3 37 30860
2
1 28012
3 12 20479
2
1 1999
2
1 23398
2
1 20191
3 11 13666
2
3 22 32448
3 33 17735
2
2
1 4281
2
1 17618
2
3 6 19224
3 28 23696
1 92
2
1 28009
2
1 12735
1 1466
1 1227
1 1525
3 42 6702
2
2
1 16682
3 22 20395
1 22390
3 28 11610
2
1 28962
2
1 8356
2
3 22 11142
1 10270
1 16185
3 24 13024
3 43 29781
2
3 1 21038
3 9 25590
2
3 15 16593
2
1 12510
2
1 15398
3 38 19764
1 11231
1 22510
1 18332
3 48 4879
2
2
3 19 5333
1 25726
1 30443
2
3 45 19659
2
1 11473
1 13792
2
1 8005
2
2
1 8066
2
1 26825
2
2
2
3 28 20319
2
3 34 16291
1 23775
3 15 27878
3 2 27078
2
2
2
2
1 23781
3 32 573
2
1 13704
1 29868
2
1 28209
3 42 15962
3 30 10322
2
2
1 30630
3 3 21770
3 8 24101
1 20883
3 41 2723
2
1 29132
3 21 25428
3 39 26631
2
1 5701
3 41 4087
2
2
3 22 20582
3 38 5673
2
3 17 20081
3 16 23892
3 24 32136
2
1 6678
2
3 36 1840
2
3 10 9877
1 15245
3 33 30659
1 25424
1 13401
3 33 24599
3 9 5130
2
2
1 13656
2
1 12479
3 21 9360
2
2
2
2
2
1 4016
2
3 28 22364
3 30 12688
1 9187
3 14 29978
2
3 13 28731
3 12 28661
2
2
2
1 18998
2
2
1 4112
1 29139
2
3 8 4979
1 12091
3 33 3916
2
3 29 28555
1 27098
3 21 3676
1 15398
2
1 955
3 3 18037
1 4768
3 8 19459
1 22632
1 19880
3 7 7547
1 11506
1 13982
2
3 18 18208
2
3 6 10636
2
1 13898
1 10606
1 4935
3 14 28482
3 18 14621
2
2
1 13356
1 9002
3 18 28585
3 25 19109
1 20305
1 21504
1 27669
3 37 23149
3 36 7401
2
1 5081
3 29 15426
2
2
2
1 20023
2
3 26 2752
3 25 26548
1 15670
3 20 26932
1 19690
1 19134
3 24 4856
2
3 24 20420
3 34 18580
2
1 25578
2
1 2023
3 5 3736
3 44 4203
1 18583
3 20 20873
2
1 23438
1 9359
3 27 27780
2
1 29573
2
2
3 17 17665
1 23852
3 4 20947
2
1 31403
3 3 7623
2
2
3 8 23524
2
3 8 2640
3 1 32143
3 13 16864
3 3 14790
2
2
3 8 30561
3 24 24035
3 34 8112
1 2566
3 37 19731
3 33 21107
3 20 6202
3 2 26575
1 17072
2
2
1 31424
3 7 25871
1 13857
2
3 12 511
2
1 20015
3 28 1722
3 33 30182
3 38 2687
3 27 14893
1 18358
3 17 8035
1 27451
2
3 18 27608
3 39 8644
1 31196
2
2
2
1 30204
3 39 15938
2
2
1 28237
2
1 29811
1 21955
2
3 5 29038
1 32579
2
2
3 19 2561
1 3458
3 20 7675
3 39 3517
3 22 8628
3 15 20385
1 2729
3 33 6538
2
3 12 31993
2
2
1 3784
1 29007
1 6217
3 12 20818
1 14038
3 2 3874
1 31191
2
3 41 32532
2
3 17 12995
1 13691
2
1 14011
2
2
3 9 2419
2
1 32360
3 19 8139
2
1 20249
2
2
1 19859
1 16780
3 25 28224
1 663
1 13051
3 31 14727
3 8 4322
1 6959
3 40 1311
1 10746
3 28 28895
2
1 21653
1 8656
1 32622
3 12 25970
1 15130
1 238
1 11333
1 24722
3 10 2640
1 19467
3 2 4826
3 47 27622
3 35 22074
3 28 27986
3 3 31445
1 10740
3 50 31204
2
1 16140
3 11 5392
2
3 28 10398
2
1 10947
2
1 23695
3 38 32010
3 15 14577
3 38 22581
3 3 12715
3 50 371
1 11639
3 37 15876
1 11072
1 26674
1 21413
3 1 25829
3 22 1834
1 7147
3 50 18278
1 32553
1 12625
1 7116
3 24 30513
1 19548
3 60 18236
2
3 34 16650
3 14 21418
1 605
1 27142
2
2
2
2
1 9129
3 34 13198
3 40 12956
1 3792
1 25530
2
2
2
2
2
2
2
1 18921
2
3 53 28313
1 32736
1 6218
1 27899
1 24682
2
2
2
2
2
2
2
3 29 24723
1 2777
1 5700
3 45 27137
3 21 20540
2
2
1 19561
1 3465
2
3 15 20933
2
2
2
1 8252
3 47 32639
2
2
3 34 21099
1 24960
1 1141
2
3 21 29061
3 48 32649
3 2 22761
1 21709
3 18 29857
3 2 18775
2
3 8 32734
3 37 13040
1 31737
3 27 13651
1 4131
1 16131
3 12 21468
3 28 1888
1 6900
3 38 25176
2
3 22 13465
3 6 8034
1 22596
1 16933
3 42 15518
3 43 27969
1 31048
1 31030
2
1 23161
3 30 10397
2
3 12 18264
1 12333
1 420
1 26399
2
3 21 17452
1 881
2
1 23492
3 40 23635
2
2
2
3 21 29872
2
3 44 29834
3 35 24607
2
3 31 28338
1 6407
2
1 31028
3 39 25994
3 23 29241
3 42 14839
1 26463
3 50 26793
2
3 21 23108
3 20 13930
1 31690
1 1481
3 5 16966
2
1 14447
2
1 12960
3 29 31069
2
3 22 28726
1 29315
1 13888
2
3 18 3431
3 10 29075
1 26096
2
1 15892
1 8628
1 14464
1 2471
2
3 6 17976
1 31624
2
1 23474
2
3 44 21011
3 23 11124
1 15427
3 55 1855
1 7178
2
1 8373
3 48 18607
2
2
1 28315
2
3 30 12982
3 35 13701
3 50 6298
3 22 3026
3 44 1955
2
1 18735
2
3 7 15495
3 10 31861
3 54 25668
3 16 13785
3 27 1111
3 39 2296
1 4784
2
2
3 11 15166
3 52 10197
3 36 24697
3 51 19251
3 5 6039
2
3 12 8613
3 38 29041
3 30 4532
3 36 21653
3 8 31188
3 37 7624
2
3 33 7110
2
2
3 26 23032
1 26249
2
1 26449
3 22 11665
3 43 13612
1 31816
1 9583
2
3 13 21345
1 21578
3 6 12832
3 5 24893
1 10353
3 30 18511
2
2
2
1 17227
2
3 42 6733
2
2
2
1 31379
2
3 25 2008
1 20940
3 41 18091
3 46 5959
3 16 20967
2
2
3 28 15552
3 1 9131
2
1 26025
1 29289
1 11285
3 7 4503
3 1 11727
1 18654
2
1 1762
2
1 16993
3 12 4522
3 16 28021
1 21490
3 42 27003
1 17685
2
3 53 25342
2
1 1794
1 15378
3 37 26311
2
2
3 18 17640
3 6 28829
1 28611
1 12655
1 6934
1 31700
3 27 27281
3 11 12607
2
2
2
3 26 7471
3 23 31705
1 5496
2
2
2
1 23819
2
1 7040
2
2
3 1 24195
1 12831
1 28041
3 23 10436
1 17733
1 15381
3 33 30968
2
2
1 15633
3 8 5115
3 32 26607
3 16 25164
1 28611
1 17846
2
2
1 21678
3 37 17501
1 31079
3 1 10778
3 50 10870
1 19812
3 33 6583
1 19730
3 21 8678
2
3 3 23644
3 46 32264
2
3 18 21439
1 20346
3 21 14012
2
3 42 19556
2
3 52 27892
1 25326
3 47 5807
1 12569
3 48 24545
2
1 10488
2
2
3 32 23591
3 15 19505
2
1 4849
1 1450
3 15 14914
2
1 4455
3 41 21213
2
3 40 7470
1 15836
3 8 24150
3 35 31732
1 32261
2
3 28 31562
2
3 14 14925
1 14181
1 14896
2
3 7 32303
2
1 4525
3 11 19658
3 25 9484
3 50 3406
1 15328
2
3 32 6881
3 43 15254
3 3 25505
3 5 3875
1 4882
2
3 27 29465
3 50 10171
2
3 31 12765
3 12 7780
3 44 5283
2
3 20 21016
1 30786
3 30 6178
1 17568
2
3 44 5962
1 13659
2
1 23362
3 54 5240
2
1 8123
3 17 28743
3 3 11624
2
3 48 26236
2
1 11789
1 11048
3 8 18772
2
3 38 31903
3 42 318
1 612
3 26 6739
2
3 21 14242
2
1 14248
3 18 19149
1 16310
1 15779
1 21222
2
3 21 6445
2
1 27694
3 13 22069
3 8 11463
1 9639
1 9859
3 43 23978
3 18 25697
2
2
1 27821
3 36 20030
2
2
3 30 29999
3 22 16146
1 19940
1 10697
3 5 2550
3 19 10029
2
3 42 3982
2
3 41 31560
1 22927
2
1 4741
3 30 11161
1 11006
1 3487
3 23 13538
2
2
3 25 18756
1 6962
1 1335
1 10687
3 6 1609
1 11235
2
3 8 3958
2
3 25 9202
1 23524
1 8413
2
3 43 29918
3 26 29100
3 25 31958
3 31 10721
2
1 17876
2
2
3 50 23486
3 12 27995
2
3 13 21911
3 28 21297
3 15 22195
1 13221
1 7387
1 13470
2
2
3 9 4945
2
1 5576
2
2
3 50 2766
2
1 162
1 23064
3 55 20696
1 19101
3 53 30308
3 29 7236
2
3 48 10713
1 20015
2
1 784
3 32 16081
1 8419
1 31734
3 58 21521
2
3 40 8208
2
2
1 18166
3 4 4290
1 12520
1 20333
2
2
3 23 25023
1 4200
2
3 39 22560
2
3 7 14879
2
3 51 22297
3 21 30283
2
3 53 5555
1 28693
3 15 14614
3 47 26277
2
2
1 21976
2
3 40 24744
2
3 27 1328
1 20046
3 22 7956
1 27472
1 7702
2
3 13 15229
3 20 6741
1 16883
1 31573
2
1 23243
2
1 22816
2
3 40 18166
3 30 11729
3 9 1937
2
3 3 30474
1 19269
3 22 10403
2
1 3438
3 3 14007
1 27590
2
2
2
3 27 10494
1 17528
2
1 24749
3 41 30469
2
2
2
3 47 1137
1 16740
1 4667
1 19145
3 4 10653
1 21906
3 12 5998
2
2
1 3379
2
3 9 13985
2
1 6159
3 44 21843
1 29330
2
3 5 5827
2
2
1 259
2
3 21 13135
2
2
1 13260
2
2
2
2
1 32284
1 31064
2
1 14601
1 7774
3 40 11558
3 20 22489
3 14 5853
2
3 37 25351
3 2 9557
2
1 488
2
1 9951
1 9891
3 30 12223
3 48 24120
1 27432
1 28344
3 14 11296
3 15 4296
3 35 15075
3 14 9564
2
3 47 3623
3 41 18949
1 7832
1 30676
1 11805
2
2
2
1 19448
3 18 6204
1 12778
3 32 29892
1 8489
1 777
2
2
3 42 13015
3 6 20152
2
3 45 31684
2
3 40 6522
3 24 26893
1 25986
1 28493
1 21814
1 12473
2
2
3 17 14918
1 23577
3 37 18796
2
2
1 1918
3 10 26257
3 45 14306
1 31590
3 28 23624
2
2
2
1 4489
3 14 26889
1 30635
2
3 29 32757
1 23150
3 28 18786
3 37 1743
2
2
1 6038
1 19895
2
2
2
2
1 30670
1 9193
2
1 3926
2
1 9694
3 29 25122
1 17355
2
3 28 21868
1 25128
2
1 16879
2
1 18662
3 28 1400
2
2
2
1 1533
3 4 32559
1 31597
1 10045
2
1 18825
1 19236
3 24 14019
2
1 21187
1 5738
2
3 38 23379
3 34 9326
3 2 18854
1 26534
3 49 4055
2
3 47 17841
3 6 4755
3 37 30157
1 11775
1 26674
1 5206
3 52 2044
1 21353
3 47 25200
3 3 12809
3 8 20299
1 6213
3 43 14683
2
3 25 1479
2
3 29 27369
3 1 25419
3 1 30811
2
2
3 10 19222
3 9 32245
3 23 30212
2
2
1 14818
1 3959
3 10 313
2
1 24680
1 9316
2
2
3 2 8207
3 23 30230
1 22243
3 22 21574
2
1 8702
1 23851
2
1 9965
3 13 3983
2
3 16 31310
3 50 17509
3 53 17369
1 31728
3 22 13993
2
2
2
1 26297
1 32471
1 23431
3 48 11675
2
2
2
2
3 42 5223
1 22479
2
3 31 8546
3 44 15996
1 31692
2
3 45 12908
3 45 26964
3 40 25540
1 22511
1 12117
2
2
2
2
1 1146
2
2
3 21 24635
2
2
2
3 14 16272
1 25921
1 22813
3 31 1665
1 11508
3 19 8196
3 27 5969
3 12 1102
3 47 27765
3 7 30191
1 24200
1 10758
3 39 17606
2
3 25 17139
2
3 6 621
3 13 4435
3 36 5614
1 24278
1 12918
3 13 23338
1 4394
3 24 9272
1 29427
2
3 13 19403
3 13 15580
2
3 36 10099
3 25 6346
3 32 2070
1 32212
1 10247
3 22 21163
2
2
2
2
2
1 31006
1 15248
3 14 28102
2
2
3 19 19611
3 39 26989
2
3 39 27955
2
2
3 32 23212
2
1 20386
1 20014
3 25 14401
3 15 3543
1 32336
1 5631
1 8329
2
1 6839
1 22476
1 23665
2
1 21484
1 21616
2
1 11884
2
2
3 9 26142
2
3 44 18356
2
3 6 8300
3 46 19034
2
3 32 9999
1 25065
3 30 7742
1 28047
2
2
2
2
3 23 14775
1 2110
1 26881
1 26295
3 14 2254
1 27963
1 2635
1 17803
2
1 17482
2
2
2
3 29 24092
1 14334
2
1 27229
1 1939
1 19286
3 5 6421
3 11 13277
2
1 11862
1 9919
1 25149
3 36 3201
3 14 8588
2
2
3 6 2223
1 24347
1 16901
3 20 32758
3 28 6262
1 14990
1 10877
3 10 26060
2
2
1 21717
3 3 14915
3 35 4833
2
3 32 1808
2
1 5677
2
2
3 8 11640
2
3 44 14522
2
1 30255
3 17 18963
1 17076
3 40 4194
1 1916
2
3 48 25577
2
1 22129
2
3 15 16541
2
2
1 12913
1 16587
2
1 29238
2
2
3 20 19668
2
1 23080
2
3 33 24051
1 18507
1 12948
2
2
3 6 21822
3 19 1321
1 17527
2
1 28709
3 8 30508
2
3 4 15376
2
1 21953
2
2
1 22481
3 7 24506
3 30 21581
2
3 20 22416
2
3 39 27825
1 3176
3 23 25940
1 1005
3 3 6115
2
1 15499
2
2
3 24 17755
1 25368
2
3 18 9199
1 8468
3 42 5344
2
3 35 6331
2
2
2
3 4 17090
3 36 4941
3 33 14625
1 27206
1 14685
2
3 36 3570
1 28835
1 30666
2
3 8 23631
3 40 1948
2
1 22357
3 38 16500
2
2
1 31945
1 30134
2
1 3426
3 3 22912
1 29923
1 29233
1 16292
1 30885
3 4 12213
3 35 7933
1 4224
1 30233
2
2
2
2
1 1725
2
1 14895
2
3 11 7588
2
3 22 12158
1 17886
2
3 29 15822
2
3 37 13610
2
2
3 39 1793
3 24 32392
1 6831
1 31619
1 20664
1 3553
3 12 29809
2
3 23 23948
2
3 24 12522
2
3 24 14339
1 32351
3 32 18645
3 29 23214
2
1 12820
3 26 18565
1 8698
3 13 29213
3 2 23600
3 30 32089
2
2
2
2
3 34 15459
3 28 16586
3 23 31824
3 26 11245
1 4947
1 10798
3 26 15994
2
2
2
2
1 9029
3 35 1314
1 14854
1 19723
3 34 10685
2
2
2
2
1 26118
1 18499
3 28 13044
3 35 15937
2
2
3 21 21255
2
1 6599
3 10 2387
3 33 20031
1 14697
3 5 24551
1 21179
2
1 9212
1 25908
1 2797
1 23507
1 19673
3 11 12263
3 11 11191
2
1 18455
1 18996
3 26 20625
2
3 26 14079
2
3 7 9223
2
1 11155
1 24053
2
2
3 12 25635
2
1 5186
2
1 30940
3 8 27300
1 7180
1 28906
3 10 18535
1 27831
1 4718
3 43 27950
1 17898
3 32 24309
1 27593
1 9670
3 37 26092
3 24 7821
1 6240
3 30 26405
3 5 7794
2
2
2
2
2
3 35 26178
2
2
2
3 26 27460
3 6 7873
3 17 8973
2
3 3 6192
3 32 15365
1 10181
2
3 33 4897
2
1 15070
2
1 26655
3 19 8049
2
3 29 2383
1 28324
1 17082
1 20666
3 35 2211
2
2
2
1 17980
1 13232
2
1 7291
2
2
1 26441
1 1933
2
3 9 7845
2
2
1 9356
1 10279
3 1 17092
2
2
1 26864
2
3 20 18570
1 26049
2
1 6238
2
1 13997
3 3 1043
2
1 23992
3 5 5784
2
3 31 22937
1 31904
3 31 28256
3 21 11341
2
1 15224
3 30 12547
3 1 22459
3 25 31869
2
3 16 25806
1 10294
1 10763
2
3 9 832
2
2
1 16548
2
3 19 19577
1 31944
3 4 14701
1 19639
1 12966
1 22372
1 25767
3 28 19496
3 36 29677
1 1529
1 6663
2
2
2
3 11 20207
1 6871
1 8324
2
3 11 5463
1 10065
3 38 6460
2
1 8644
2
2
1 12569
1 17731
3 28 14144
3 39 26154
1 15547
2
3 6 2997
3 10 3242
2
1 10971
2
2
2
3 30 21572
3 3 31679
3 6 17826
3 30 27465
2
2
2
3 20 3078
2
3 17 5218
3 12 32450
3 14 30369
1 15640
3 28 19897
1 17414
2
1 15030
1 18310
3 24 12602
1 25949
1 8660
1 21388
3 34 21753
1 19405
3 36 25982
1 20537
2
3 3 8684
3 16 24470
1 31950
3 18 14019
2
1 21091
3 38 19181
3 12 23027
2
1 14199
1 19068
1 1713
1 15918
1 7407
2
1 28201
1 13352
1 9912
1 4484
3 8 7055
1 20141
2
1 25802
1 23961
3 41 8340
3 33 21686
1 6863
3 33 18297
1 4510
2
1 5327
1 26738
1 8553
1 28356
3 47 2449
2
1 15262
1 16951
3 25 10762
1 20378
3 35 5622
1 14711
3 9 17416
2
1 18459
2
1 21317
1 11535
2
3 47 1824
3 13 19180
2
1 28601
2
1 4803
3 38 19074
3 23 6955
3 57 3016
1 31362
1 30340
1 3634
1 10355
1 4935
3 19 19456
2
2
3 24 27812
2
2
1 8745
3 47 24656
1 6195
3 46 1778
3 41 19099
2
3 41 19238
1 7062
1 4563
1 32040
2
1 13353
3 51 29824
1 601
2
2
3 63 26530
1 3734
3 10 12951
2
2
3 51 17370
2
2
1 4905
2
1 17679
3 17 29268
3 50 293
1 11006
1 10756
2
2
2
3 7 11899
3 6 23828
3 29 28881
1 4233
1 15419
2
1 20754
3 11 765
1 30812
2
3 2 1343
2
3 49 12745
2
3 39 1619
1 14220
3 32 5483
3 5 20351
2
3 51 16655
1 5998
3 59 31306
1 9053
1 14525
3 32 11234
1 28234
3 47 13803
2
2
2
1 14074
1 28318
2
1 3665
3 27 11795
1 8841
3 27 23428
3 16 15882
1 24206
1 7731
2
2
3 41 26818
1 25249
2
3 57 22124
3 49 8097
2
1 30858
2
3 6 28276
3 2 14688
3 44 26516
2
2
2
1 11745
3 49 13860
3 1 10751
1 16074
2
1 4789
2
1 4216
2
2
3 21 31751
3 19 32653
1 22661
2
2
3 43 20423
1 7033
1 20097
3 36 31678
3 19 12794
1 21479
2
3 1 7224
2
1 1318
1 4991
2
2
2
1 24093
3 28 3444
1 26196
2
3 59 16059
3 43 479
3 30 6453
3 17 12157
2
1 4080
1 8638
3 50 27290
2
2
2
1 25477
2
1 8016
3 3 27342
2
1 2206
3 38 20131
1 18047
2
1 16195
1 3352
2
1 27366
3 32 22622
3 53 24810
2
1 28998
1 31044
1 15260
1 2853
3 20 21185
2
3 11 1695
3 6 21508
3 42 2159
2
2
3 11 30799
2
1 4164
1 7765
3 40 21552
2
1 15221
3 41 29554
1 26409
1 32652
1 4590
2
1 3371
2
3 60 830
2
3 51 32448
2
1 17120
3 1 1605
3 58 30949
1 4971
1 31006
1 26604
3 49 11873
2
1 16628
1 22731
3 40 22351
1 12280
3 51 29042
3 9 29587
3 8 9675
1 7169
1 23054
2
3 5 29860
3 12 18975
3 25 6018
1 4085
1 31175
1 28346
2
2
2
2
2
2
2
2
1 20026
3 23 24530
3 12 30290
1 7122
2
2
2
1 1334
2
2
2
1 29464
1 6779
3 32 26292
3 4 8156
2
3 41 26130
1 10748
1 12827
1 25538
1 20570
1 16802
2
1 28528
2
3 42 4892
3 39 8837
1 29773
3 35 15897
2
1 8666
3 28 4109
2
2
2
1 5628
1 13035
1 28366
1 16826
2
3 20 14262
1 19124
2
2
3 25 27240
2
3 43 11263
1 4025
1 22840
2
3 23 9757
3 25 18917
2
3 22 23637
2
2
3 26 22333
3 54 25570
2
1 17619
1 26447
2
2
2
3 26 28743
1 27135
2
3 3 17688
1 7867
2
1 13526
3 29 12980
1 2363
2
1 20793
3 10 25328
3 16 10269
2
3 21 4107
3 17 3184
1 8130
1 8330
2
1 26977
1 28265
2
2
3 16 30848
3 18 24420
2
1 32066
1 21147
3 44 2629
2
1 23563
3 8 10370
1 3714
3 19 11560
2
1 32217
1 28501
1 12526
1 9711
2
1 22248
2
3 49 27253
1 20613
2
1 19839
2
3 37 29721
2
3 38 1695
2
2
1 28998
2
1 21103
1 28574
3 41 2644
1 21794
2
2
3 20 26729
3 23 21163
3 49 23020
2
1 12439
3 14 8547
3 59 7229
2
1 30036
2
1 13641
3 42 7282
2
3 50 29652
3 64 10173
1 18749
3 64 2424
2
2
3 24 7748
2
2
1 25519
3 35 15182
2
1 29094
1 8865
3 8 23921
1 14118
1 10037
2
1 15607
1 15716
3 50 30869
2
3 19 32127
3 58 9095
1 14066
1 5066
2
2
2
1 18296
1 19252
1 23287
1 1748
3 43 21851
2
1 13978
2
2
2
2
1 20102
3 59 9166
2
1 4337
1 8344
1 29389
3 47 31550
2
1 4916
2
2
3 27 6595
3 21 8558
2
3 60 28645
2
1 3889
2
1 13977
2
1 1362
2
3 53 4700
3 42 15045
3 39 6655
1 29375
1 14028
2
2
3 34 22581
2
2
3 59 13212
3 11 20944
3 12 23030
2
1 18789
3 26 3274
3 18 1198
2
2
2
1 18250
1 29998
3 40 18458
1 13305
3 53 5674
3 8 10330
1 29010
2
3 21 806
1 29873
3 6 31537
2
1 25106
3 35 15170
3 10 32241
3 10 26285
2
2
1 17147
2
1 1148
1 20872
2
3 4 6222
1 17804
2
1 19661
3 38 17733
3 45 32149
1 4009
3 53 1232
2
1 998
3 26 2206
3 13 31086
1 25177
1 3223
2
1 24784
3 63 11705
3 63 17299
3 41 32098
2
3 39 26655
2
2
3 28 11444
1 11515
2
3 52 13002
2
3 14 17905
2
1 19060
1 27937
2
1 14907
3 1 21070
3 34 20849
2
1 6859
1 16772
3 33 25072
2
3 5 924
2
2
1 20694
2
2
2
3 28 28269
3 6 29396
2
3 44 22697
3 31 8978
1 16335
3 34 5406
1 30377
1 15616
1 15025
1 31753
1 24498
2
3 2 25795
3 11 28439
3 21 21704
3 11 21644
2
1 15319
2
3 20 15207
1 14835
1 16041
1 3465
1 17490
1 5645
3 13 25377
3 39 17447
1 29692
2
3 14 27872
3 10 5305
2
2
3 6 18738
2
1 7397
1 30469
2
1 31402
2
1 24268
3 22 22726
3 19 14041
1 14215
3 32 453
1 4356
1 17167
1 16739
3 55 10218
1 31664
3 58 10479
3 14 21013
2
2
3 4 28117
1 24000
2
3 8 22749
1 9693
3 41 31128
3 37 31481
2
1 32659
3 24 23639
3 34 32016
3 53 22190
3 23 26161
1 17473
2
1 18064
3 23 10200
2
1 18452
2
1 27688
1 17678
2
1 22692
3 13 21354
3 51 526
1 22967
3 68 16823
2
1 5341
2
2
2
2
2
2
2
1 26516
3 62 10235
2
2
1 14250
1 21278
3 32 7767
1 21077
1 25707
2
3 30 27144
1 3607
1 18160
1 22498
3 28 30014
2
1 20841
2
1 16866
3 5 6814
2
2
2
1 26292
1 29575
2
1 17183
1 16443
3 8 10736
1 18774
2
1 31485
3 29 24492
3 39 31071
1 27151
1 14064
3 31 30349
2
1 17839
1 5555
3 22 16952
2
2
2
1 29650
3 52 3115
1 23065
3 20 5853
3 2 27624
2
3 8 8030
2
3 54 4149
1 5842
1 1802
3 46 8278
3 68 28075
2
1 8539
3 53 31985
1 26726
1 28698
1 20309
1 2496
1 16425
3 51 24324
2
2
2
3 32 23177
1 19612
3 75 12018
3 76 3847
1 2226
3 26 7887
1 27407
1 4276
1 10849
2
3 31 15314
1 22392
3 6 11819
2
3 61 15014
1 31225
2
2
3 26 10072
3 61 29149
1 7310
3 57 8830
1 23226
1 15559
1 20256
1 20474
2
3 64 28399
1 8170
2
3 1 30339
1 8156
2
3 30 31367
1 31332
2
1 964
2
2
2
2
3 20 2927
2
3 61 2570
3 20 7448
2
3 1 16655
2
2
1 17326
1 14798
1 4652
3 68 25727
2
2
3 49 30545
1 20606
1 16168
2
1 11210
2
3 14 32132
3 13 17553
1 32264
2
2
2
1 4794
3 46 16070
1 13036
1 21680
1 10023
2
3 3 28974
2
1 9509
3 69 15678
1 20600
3 21 2113
2
2
2
2
1 14258
2
3 66 25099
2
2
1 11183
1 4284
1 12047
3 16 16111
2
2
1 14696
3 16 32179
2
3 72 20090
1 16656
1 29492
3 69 295
3 62 29759
2
3 1 4628
3 10 26377
1 24434
3 69 21056
3 7 23338
1 17238
3 21 13308
3 70 12881
1 16944
1 30
1 17376
1 20900
2
1 23079
2
2
2
1 7390
1 29050
2
2
3 35 8269
2
3 38 4633
3 14 28297
3 39 17839
2
1 5748
1 2245
3 44 31202
2
1 32445
3 48 258
2
1 10936
2
3 41 19954
3 33 26636
1 10523
1 11023
2
2
3 4 10062
2
3 67 2781
3 65 30114
1 4741
2
2
1 28132
2
2
3 35 23612
1 17671
3 32 14854
1 13276
3 20 3959
2
1 9215
3 49 11983
3 17 12517
2
1 18000
1 22335
3 58 18862
3 67 28919
3 40 21633
2
2
2
3 2 24516
2
1 26716
2
2
3 69 14531
3 66 30407
2
1 29124
3 7 22242
3 14 17480
1 9826
2
2
1 30184
2
1 32208
1 3468
1 8012
3 7 11252
2
2
1 31502
2
1 6825
3 32 4727
2
3 20 15112
2
3 32 15255
1 5952
2
2
3 41 30229
1 294
3 68 15632
1 18777
1 5731
1 27211
2
2
1 9080
3 37 27887
2
2
3 66 2445
3 29 16821
1 14614
3 59 13533
3 15 19297
2
2
2
3 48 27559
1 12110
1 30
1 30063
1 17805
2
3 25 9396
3 40 26631
3 18 16225
1 31126
1 11716
2
1 19997
1 4874
1 17022
3 68 10073
2
2
1 1782
3 54 4755
1 21752
2
2
1 27093
1 3314
1 20633
1 25314
3 31 973
2
3 65 17878
1 1854
3 66 30114
2
3 39 4533
1 7287
2
2
1 23158
2
3 16 11398
1 23604
1 28992
1 669
2
2
1 31541
1 17058
3 27 20858
1 30647
1 14017
2
1 29893
2
1 27285
3 58 32394
2
2
3 62 26474
3 11 7336
2
3 45 13531
3 6 154
1 18734
3 28 3951
1 15265
1 22329
2
1 20795
1 14307
2
2
2
2
3 67 26747
2
2
1 7673
2
3 4 4752
2
3 24 10193
3 15 10113
3 53 4630
3 63 14447
2
2
3 23 15347
2
3 65 28241
3 23 18443
1 9928
1 31827
2
2
3 72 11832
3 37 24998
3 45 27713
1 11280
2
2
1 24941
3 8 28689
3 47 23517
3 31 17857
2
2
2
3 46 6541
2
3 4 20510
1 25695
3 32 1943
2
2
3 41 16767
3 54 24273
3 56 15616
2
2
1 3956
3 42 31409
2
3 27 4333
1 11887
2
3 20 17468
2
1 23423
1 15661
2
1 26160
3 55 14623
2
3 64 652
2
1 11576
2
1 16486
3 7 17340
3 13 6884
1 11991
1 14326
1 20099
2
1 19562
1 6884
1 32293
2
1 8740
2
3 61 21434
3 64 10779
1 7531
1 13826
1 30919
3 27 20496
1 30559
3 19 6088
2
2
1 1862
2
1 2702
1 23642
2
2
1 6118
1 14228
3 35 8365
2
3 38 10287
3 26 2970
3 20 73
2
1 5739
1 17967
1 28456
1 15963
1 14222
1 122
2
3 58 29590
1 10529
1 30530
3 7 28459
2
2
2
2
3 72 29717
2
2
3 29 29
3 47 25686
2
3 41 18087
3 25 2454
2
2
1 21573
2
2
1 22397
3 14 29346
3 56 29976
3 35 27645
3 35 24579
2
1 26018
1 24077
2
1 27596
1 27766
2
2
3 66 10876
2
2
1 26177
1 17006
3 24 15533
2
1 23253
1 12083
3 60 4738
3 62 23546
1 19412
2
3 69 22340
2
1 16235
3 25 21315
2
2
2
2
2
1 21421
2
2
3 7 25102
3 63 18073
3 39 22574
1 1820
1 20787
1 14352
2
1 27286
3 8 7096
3 13 32004
1 377
3 41 31502
2
2
1 19920
3 15 11539
1 22662
3 38 7205
3 32 4244
1 3912
1 20350
1 24720
1 2931
1 13570
2
2
3 51 335
1 31793
3 27 18403
3 22 18279
2
2
2
1 13698
1 18928
2
3 20 8590
2
2
3 43 20549
3 12 3242
3 47 29669
2
1 10978
2
2
2
2
1 2721
1 15570
2
3 58 32392
3 25 28173
3 64 19074
3 55 14095
1 21512
3 11 11002
3 54 19001
2
2
3 3 16454
2
1 1521
3 64 1090
2
3 9 8787
3 52 31014
1 13635
1 19441
2
3 8 25383
2
2
2
3 11 22145
3 37 12102
2
2
3 9 14919
1 7399
2
1 1483
1 9356
3 29 25457
0
