1 14396
1 3791
1 16125
2
3 2 7229
3 1 21447
1 2656
2
3 1 224
1 9314
3 2 7465
1 31552
1 27297
3 1 32221
3 5 7528
1 18912
3 6 16777
1 2394
3 5 18666
1 21421
2
2
1 463
3 1 21723
3 4 5235
2
3 6 27771
3 3 21621
3 2 32753
1 28155
2
2
3 5 27891
3 2 22073
3 4 14308
3 3 15338
2
3 3 4832
1 26039
2
3 3 21322
2
1 26060
1 32723
2
1 16183
3 2 29060
1 28131
1 30856
3 1 29844
2
3 5 31002
3 1 27556
1 12812
1 24742
3 8 6457
1 6994
3 3 16026
3 2 30907
2
3 2 10696
1 15413
2
2
2
1 6161
3 2 10053
2
2
1 11767
2
3 1 9366
2
2
2
1 981
3 1 21738
2
3 1 16654
3 2 8168
3 1 11271
1 28823
2
3 1 22612
3 1 21773
1 9813
1 19339
3 3 28638
3 4 13312
3 3 25917
1 21215
2
3 2 5385
1 6257
1 8904
2
3 2 16944
3 4 5220
1 9060
3 2 20885
1 26443
3 1 13883
1 1710
1 18199
3 5 7925
2
2
1 24645
1 30469
2
3 6 26614
3 7 22554
1 19315
1 18976
1 25042
3 1 16195
3 1 23555
2
3 3 29544
1 13894
1 19797
1 4808
1 27571
3 1 32398
1 31617
3 10 12202
2
2
2
2
2
2
1 563
3 1 21800
2
3 7 29164
1 25353
1 23440
3 7 3436
3 3 32589
2
2
1 24788
2
1 13293
1 15608
2
2
3 5 11618
1 15120
2
2
1 32308
3 8 10113
1 24255
2
3 4 30879
2
3 1 28128
2
3 1 6013
1 13100
2
2
3 4 1453
2
2
3 4 14681
1 4375
1 13150
3 1 9320
1 18975
3 1 31082
2
2
3 2 22475
1 10095
3 6 4015
2
1 19627
3 1 6962
1 12911
1 29895
2
2
3 3 16174
3 5 1969
3 4 26553
2
3 3 21985
2
3 2 5641
3 2 16318
3 1 16703
1 16218
2
3 4 32449
3 2 13837
3 2 28271
3 2 8492
1 27705
2
2
2
1 19644
1 20672
3 1 10109
3 1 14733
3 1 21823
2
3 1 20735
3 3 6731
2
3 2 9800
3 2 19560
3 1 32474
3 1 14974
3 1 17085
3 1 3533
3 2 4311
3 1 13574
1 29268
3 1 16152
2
1 19527
3 2 32150
2
1 11536
1 13026
3 2 4098
3 2 19220
2
3 2 5783
3 3 24714
3 1 31223
2
3 1 8681
1 10470
1 32375
3 2 26820
2
3 1 21131
2
1 30714
2
1 31178
3 3 3655
1 18399
3 4 16550
1 17997
2
1 17524
2
2
3 3 19001
2
1 16095
1 7764
3 1 10268
3 3 28779
3 1 15272
1 20372
2
2
1 9732
2
2
3 2 20607
3 1 31545
3 2 27098
3 2 14093
1 1778
2
1 14318
2
1 3437
1 13202
2
1 10975
3 4 4803
3 2 11797
3 4 7974
3 1 30617
1 27725
1 27845
1 2764
2
3 6 20117
3 2 4663
1 9136
3 3 9515
1 16019
3 2 28634
1 16013
1 4373
2
1 1650
1 17720
2
3 7 30281
3 9 26821
3 8 6926
1 30119
2
2
2
2
3 7 23117
3 6 20109
1 29616
3 1 19530
1 28153
2
1 15174
1 30917
3 1 5769
3 8 23434
1 5818
3 9 5620
3 8 6264
1 26806
3 8 26214
1 19332
1 1915
2
1 1064
2
3 4 28745
2
2
1 1552
1 19964
2
2
1 4449
1 23686
2
3 8 12714
1 23082
1 8993
1 22094
1 20431
3 8 8653
2
3 9 1334
3 14 30176
1 16994
2
3 4 13831
1 11978
1 31479
2
1 20206
3 6 28788
2
1 18396
1 2953
2
1 1710
2
3 4 30746
2
2
2
2
2
3 7 17992
1 7982
2
1 5237
3 12 18282
3 8 6251
2
1 14598
3 4 17681
1 9240
1 1663
2
1 14519
2
2
2
2
1 20748
3 1 30208
3 12 1285
3 2 62
2
2
3 3 21157
1 16262
2
3 1 25137
2
3 1 1158
2
3 6 6294
2
1 2439
1 20721
2
1 14069
3 6 1916
2
2
1 3180
1 19793
2
2
2
2
1 1525
3 3 19656
2
2
1 25538
2
3 1 6912
3 4 19335
1 11812
2
3 4 16654
2
3 2 12788
3 1 25993
2
1 16528
2
3 1 30288
1 24829
1 30212
1 6248
3 1 21490
1 32147
3 4 21070
2
1 10139
3 6 5881
3 5 3805
3 4 4516
2
3 2 5715
1 6990
1 21102
3 1 19563
1 21235
3 4 17182
3 1 9394
2
3 2 25853
2
1 10570
1 24450
2
2
1 19018
3 3 17987
3 3 1904
3 5 29753
1 25872
2
1 17857
2
2
2
1 8792
3 4 6294
1 25060
1 12839
3 1 28971
2
2
1 1221
3 5 30571
1 21020
2
3 3 7098
3 1 28765
2
2
1 28539
1 3183
3 1 20111
3 4 2769
2
1 5827
3 3 13931
3 2 18085
1 20513
3 3 11666
1 30323
1 26720
2
3 8 8658
1 7143
3 5 24720
1 20911
1 13253
1 13093
2
1 24962
2
3 1 31967
3 1 27262
1 21686
2
3 8 9103
2
3 6 11454
2
2
1 20558
3 5 15979
1 10402
2
1 2838
1 12534
2
3 5 31985
2
1 17085
3 9 12147
2
3 6 19353
3 2 26848
2
3 2 16029
3 3 8817
3 1 22011
3 4 6452
2
2
1 11604
1 30695
3 2 11193
3 1 11868
1 31087
3 1 28324
2
3 7 32742
1 19191
1 30432
1 25455
1 27510
2
1 10085
1 18267
3 13 5403
2
1 5147
2
3 7 23768
3 6 230
3 7 9706
2
3 3 11747
2
2
2
2
2
1 20700
1 16816
1 3130
3 7 22703
3 3 3291
2
1 19346
3 10 3821
3 4 24344
3 7 30772
2
1 5576
2
2
2
1 13589
2
3 2 4172
3 7 13107
1 23398
3 2 82
3 3 11911
1 27176
2
3 7 6418
2
3 4 1002
2
3 5 21410
2
2
1 24419
1 31518
1 20865
2
3 6 6319
3 2 13629
1 29079
2
2
3 1 10604
1 29005
1 4208
3 2 9133
3 7 6304
3 6 32668
1 23134
2
3 4 31088
1 22809
2
1 24907
3 2 31217
3 1 677
1 8964
3 9 3227
2
3 7 13241
2
2
3 1 25103
3 5 7488
2
1 25152
1 5608
1 28818
3 2 5004
3 1 17295
1 30232
1 17552
3 4 19574
2
3 1 28613
2
2
1 943
3 5 7604
2
3 3 24818
3 4 24370
2
3 1 14081
1 21063
2
3 6 23427
1 29522
2
1 17443
2
3 5 6770
3 1 31546
2
2
3 2 3569
3 4 13680
3 2 9115
3 1 4104
3 2 9029
3 3 20298
1 23248
1 25466
3 6 6356
2
1 21966
1 22167
2
1 5712
2
3 3 10370
3 3 23220
1 17377
3 3 27946
1 28186
2
2
2
1 13515
3 2 3984
3 5 23488
3 4 5401
1 26956
2
2
3 3 27442
3 5 21397
3 5 26647
3 4 15691
3 4 29844
3 4 31586
3 1 18974
2
2
2
1 14805
3 1 20968
1 28409
2
2
1 12600
3 2 29191
2
3 2 12970
3 1 15853
1 25705
1 13401
2
2
1 21334
3 2 6215
3 2 17130
1 9716
2
3 1 7648
2
1 8681
2
3 2 17545
1 26474
3 1 25154
1 8593
3 4 21153
3 2 26455
3 4 2345
1 28639
3 1 5917
3 3 13185
2
2
2
1 12481
3 1 2793
3 2 9790
1 30035
2
2
3 1 29898
1 26302
1 1492
1 30154
1 16781
1 32468
1 24462
3 3 12896
2
2
1 16396
2
2
2
1 17433
1 21633
3 3 5614
3 4 3907
3 2 21639
2
2
2
2
1 28890
1 5582
3 2 31310
3 4 17055
3 4 24335
2
3 3 19781
3 3 3693
3 1 28342
1 1620
3 4 25222
3 2 10858
2
2
1 8490
1 6462
2
1 9712
1 14401
2
1 18202
1 5310
1 15199
1 22609
2
3 2 19198
3 4 24186
2
2
3 2 2169
1 15555
1 22337
3 1 1707
1 14499
2
2
2
3 5 32327
2
3 2 28876
2
1 17662
1 18948
1 32605
1 28443
1 25589
3 7 7788
2
1 9217
1 14713
3 5 14289
1 19913
2
2
3 1 989
1 14204
3 6 8858
1 15922
3 1 11749
1 11123
1 12539
2
1 7296
2
1 18161
2
1 15010
2
3 8 27648
2
3 1 31789
1 7966
1 10267
1 6117
1 23764
1 6915
1 4882
1 1031
3 1 14850
1 2594
1 13210
3 12 22336
2
1 17720
1 13094
3 20 28274
1 628
2
2
2
2
3 6 7125
2
1 1083
3 9 2634
3 7 22502
3 2 4482
2
1 4055
2
3 3 18716
2
3 8 24184
2
1 22183
3 14 7876
3 3 28192
1 12525
3 14 966
3 1 1402
2
2
1 15411
2
3 3 31443
3 8 7760
2
3 7 21992
3 11 10044
3 8 19240
3 6 19280
1 14340
1 10687
1 32380
2
1 19540
3 5 17205
1 23474
2
3 6 29460
2
2
2
2
3 7 490
1 24838
2
1 4776
3 9 12417
1 4808
1 20953
3 9 2319
1 21161
3 14 13916
2
2
3 3 23626
2
2
1 12930
3 8 14312
1 7973
1 9953
3 15 10881
1 19203
1 29003
3 8 19301
2
1 14691
2
1 16427
2
2
2
1 28741
2
1 27131
1 1346
3 4 382
1 9404
1 2775
2
3 17 7033
3 3 24960
2
2
3 3 22967
1 10602
2
1 6464
3 6 25930
3 5 3203
1 19176
2
2
2
3 1 11239
3 9 18855
2
1 22076
3 11 4235
1 21553
2
1 24176
2
3 6 11116
1 29897
1 28956
1 1267
1 1088
3 8 6715
3 11 746
1 25093
3 12 3007
2
1 26108
2
1 22929
2
2
2
3 1 3977
1 26490
2
2
3 1 16821
1 21234
1 23613
3 8 6365
2
2
1 30978
1 26653
2
3 13 31463
1 25127
1 3359
3 17 1724
3 4 32128
2
2
3 7 5424
3 5 19954
3 1 8940
1 20218
1 28693
1 6177
3 18 31123
3 12 24443
2
3 6 24164
1 21822
2
2
1 30122
2
2
2
2
3 7 26763
2
3 10 23782
1 26748
2
3 1 22201
1 23686
2
3 8 5403
3 5 28149
1 28495
2
3 6 17566
3 1 3567
2
1 19376
2
2
1 24343
1 6262
2
3 6 6017
2
3 8 23152
1 9538
1 16108
2
1 19207
2
1 11216
1 18109
1 23682
3 6 6941
1 4774
2
2
3 2 25408
3 5 2391
2
1 9393
2
3 10 25541
1 6068
1 14182
1 16318
1 28465
2
3 14 9313
3 6 27498
2
2
3 5 6942
1 2718
1 14815
1 2402
3 8 27013
2
3 14 13679
1 22458
3 4 3308
2
1 13745
2
1 21917
2
2
1 16435
2
3 11 21750
1 32247
3 15 19154
3 15 14194
2
3 2 11861
1 19092
1 930
1 21322
3 8 28151
2
2
3 11 9728
1 8888
3 13 6108
1 31948
2
3 5 29823
3 9 20003
1 18740
3 11 1779
1 29420
3 5 6206
1 10994
3 3 21230
3 20 27626
1 14294
1 22921
3 6 28137
2
2
1 23938
2
1 24725
1 29582
2
3 16 22843
2
1 27576
1 20983
2
3 10 18950
3 21 27598
2
2
2
2
1 22456
2
1 8079
2
2
1 25870
2
1 22165
2
2
2
2
2
2
2
2
3 9 16335
3 9 19272
2
1 27740
2
1 4297
1 27707
1 9032
2
1 20903
2
3 10 25825
1 22020
3 1 23275
2
2
2
2
3 7 18314
2
2
3 3 22304
3 4 24550
1 25335
1 4472
1 18589
1 12506
3 3 16894
1 19530
3 9 26580
3 10 25888
1 13846
1 24973
3 1 18164
1 6598
1 4332
1 11224
2
3 3 6102
1 10430
1 30594
1 6747
3 10 7112
2
2
2
1 13823
1 18578
2
2
2
2
2
2
3 10 19254
1 10851
3 6 6008
1 3416
1 29094
1 29095
1 26511
2
3 12 19916
2
3 3 24112
1 22649
2
2
1 18563
2
3 1 553
2
1 12770
3 1 21873
2
2
1 5405
3 3 21292
2
3 5 10772
3 2 7573
3 1 26999
2
2
1 2221
3 4 9541
3 8 27472
3 6 4465
3 9 20677
2
2
2
3 1 28169
2
3 5 32177
3 1 21034
1 25088
1 31905
3 6 31137
1 20865
2
1 2645
3 8 27934
1 19033
3 8 17416
2
1 32526
1 13158
3 6 23279
3 6 29809
3 10 25646
1 27633
3 8 9805
3 5 6542
2
2
3 5 26666
3 2 20895
3 5 945
3 4 10689
1 32013
1 23225
1 4168
2
1 15327
1 29989
3 7 14289
1 20940
1 31376
1 1674
1 4754
1 3928
3 11 30593
2
1 3116
3 11 4416
3 9 21201
3 9 7238
1 28925
1 19871
2
1 19221
3 1 25465
2
1 24061
3 10 10599
1 2212
3 15 23071
1 6949
3 18 11661
3 19 2495
2
2
3 17 1772
1 9212
3 4 2101
3 13 31642
3 2 2825
3 2 20199
2
2
2
1 21632
2
1 18686
2
2
3 17 31244
3 4 7346
2
3 11 4195
1 9265
1 22344
3 16 12397
2
1 29753
1 26762
1 27953
1 3071
1 6681
2
2
2
2
2
2
1 14211
3 9 17350
3 15 28412
2
3 4 28770
1 3198
3 14 27665
1 14369
2
1 23012
3 7 20725
3 11 7771
3 9 10378
3 4 26700
2
1 7173
1 16860
2
1 9630
3 15 5828
3 3 25418
3 2 14268
3 6 28694
2
2
3 6 333
3 1 24339
2
3 7 21362
1 20457
1 5375
1 18279
3 19 5854
2
1 12019
1 18111
2
2
1 17098
2
3 3 12408
1 23047
1 1447
2
1 20222
2
3 17 500
1 26203
3 8 19848
1 24424
1 18492
1 9224
3 21 6890
1 10722
1 30901
1 27012
1 7650
3 25 20778
3 18 10496
3 7 15988
2
1 30336
3 19 24188
3 15 12708
1 28188
3 6 7376
2
3 22 25765
1 29872
2
2
2
3 8 9249
3 18 5777
3 8 27425
2
3 5 31634
1 10859
2
1 7583
3 17 2925
1 11708
2
3 20 15832
2
3 7 2852
2
2
1 32051
1 31897
1 20931
2
1 1431
2
2
1 30454
2
2
1 436
3 1 25998
3 3 17632
3 17 12997
3 5 17898
2
1 13557
3 18 16851
2
3 21 1396
2
3 14 2877
1 19563
3 12 10512
2
2
1 23171
1 25888
2
3 17 22804
2
3 18 26341
3 4 26437
1 6157
2
2
3 8 3767
3 10 22959
1 17529
2
2
3 7 19424
1 14388
2
1 25229
3 1 19053
2
3 10 17980
1 18623
1 23455
3 15 4629
1 14637
1 13521
2
3 11 21609
3 4 12142
2
3 9 28809
2
1 14411
1 26631
1 15280
1 9588
3 23 10916
1 4016
2
3 22 22475
2
3 19 7706
3 19 1411
3 6 18540
2
1 23487
2
3 2 16899
2
3 6 26548
3 18 21148
3 4 4989
1 22267
2
2
2
2
3 2 18826
3 2 29966
2
2
3 2 4624
3 14 2425
1 17470
1 27002
2
2
1 10461
3 12 4984
2
3 8 5701
2
3 2 16970
3 9 12116
1 21588
3 13 5389
3 14 9408
1 27512
2
2
1 19099
2
2
3 4 6391
3 2 9900
1 20512
1 11542
2
3 2 31188
1 14043
3 4 4058
3 15 14044
3 2 11877
1 17146
3 3 26208
3 4 5300
2
2
1 11704
2
1 31474
2
3 4 31743
3 11 14457
2
3 13 14751
3 13 13288
1 24678
1 19994
2
3 13 24978
3 5 708
1 6796
2
2
2
2
1 18264
3 6 23152
2
3 7 31968
3 4 7151
1 20403
1 16111
1 21692
1 29607
1 18188
1 19459
3 7 29781
2
1 9380
1 19510
2
3 4 18184
2
2
1 6361
1 23348
2
3 6 15427
1 8514
2
1 7370
2
1 6878
3 4 27842
3 1 6299
1 24031
2
2
2
1 31124
1 2830
2
1 23842
3 1 29034
2
2
3 12 31164
1 16130
1 8647
3 14 27526
3 7 12714
1 7220
1 25468
1 29013
2
3 14 1526
2
3 1 22448
3 3 23026
1 1628
1 24390
3 14 24804
1 9541
3 11 25660
3 12 29155
3 12 27871
1 12382
3 14 18034
3 12 5510
1 4866
3 1 8726
1 2489
3 6 29904
3 13 3193
2
3 5 22763
1 20320
3 2 8106
1 2058
3 18 7425
1 12248
2
1 1863
3 25 573
2
3 8 32022
2
3 5 17064
3 3 18266
1 16092
1 31853
2
2
3 6 20264
1 23736
1 20593
2
1 2448
2
2
3 18 17804
1 11850
2
2
3 17 9933
2
2
2
1 7005
2
2
3 18 22027
3 2 29196
2
3 7 5244
1 12990
2
1 124
1 11659
3 10 6091
1 12391
2
2
2
1 3700
1 26553
1 21066
1 11314
3 13 19939
2
1 24821
3 14 11211
2
1 28796
3 16 21245
1 13955
3 6 31910
2
1 26650
3 13 29123
3 12 22867
2
1 7519
3 13 31794
2
2
3 19 27572
3 1 22819
3 5 17963
1 17176
2
3 19 3218
2
1 32131
1 16520
2
1 32038
1 13633
2
1 5255
2
2
2
3 5 19395
2
2
3 12 28424
3 8 28300
3 5 15950
1 10463
1 14569
3 1 29150
1 16512
2
2
1 11066
1 31466
1 24762
3 12 21286
2
1 15325
3 17 9309
3 11 15436
3 2 26956
2
2
1 10690
2
2
1 15322
3 12 15422
2
2
2
1 5304
2
3 5 26447
2
3 10 29168
2
1 22765
1 16016
3 13 26882
3 15 24264
2
2
1 23907
3 8 9524
1 11937
1 7750
3 8 8667
1 83
1 32335
3 11 1669
1 17552
3 20 31169
2
3 7 25996
1 21081
3 21 23380
1 8453
3 2 21418
1 19820
1 26060
2
3 19 2301
3 13 14332
2
2
3 6 28896
2
2
1 23404
2
3 5 13477
3 14 32114
2
2
2
1 1763
3 13 6086
1 10151
1 16774
1 17284
3 3 4471
1 14806
3 6 19598
3 4 30316
2
2
3 5 2685
3 12 1690
2
2
2
1 17885
2
2
1 12349
2
1 4452
2
2
2
3 1 6853
1 10932
1 2292
1 28475
1 8841
2
3 9 16966
1 9766
2
2
3 1 14806
2
2
1 6063
2
1 16753
3 7 23417
3 2 18108
1 2231
2
2
1 15743
2
3 13 4472
2
3 7 31154
3 8 21110
3 5 4626
2
3 11 5338
2
2
1 25195
1 27844
3 6 623
1 6029
2
3 6 3086
2
2
1 16768
2
1 11749
3 6 9734
2
3 4 11296
1 17220
2
1 28679
1 15737
3 10 25767
2
3 6 12911
2
1 19720
2
3 1 27271
3 8 27261
3 4 18149
2
2
3 1 6114
1 18807
1 310
2
3 3 14140
3 1 16355
2
1 2510
3 7 4509
2
2
1 6266
3 3 22132
1 24276
3 7 5176
2
3 3 29389
3 3 29601
1 32387
1 7615
2
1 32522
2
1 7221
2
2
1 1223
3 5 5696
3 2 2038
2
3 7 5626
3 2 29001
1 14753
2
3 4 5750
2
1 17714
3 2 28866
1 16384
3 2 4473
2
1 29457
3 8 1556
1 19147
1 11999
2
3 5 8507
3 7 32646
2
2
1 3971
2
2
1 28502
3 5 10561
2
2
3 1 14972
2
3 4 1507
2
3 3 4015
2
3 1 343
1 19196
3 1 8807
3 3 16454
2
1 516
1 20069
3 1 24030
1 8751
2
3 1 29903
2
2
3 2 4503
1 32126
3 2 21039
1 11207
1 15827
1 19527
3 1 13106
3 5 29897
2
2
1 12972
1 28406
1 13214
1 13946
1 1926
3 5 7360
2
1 11450
1 31301
2
2
2
1 2658
1 30096
2
1 3057
2
3 1 17354
1 29226
2
1 24278
3 1 10020
2
2
2
1 32207
3 3 11016
2
2
2
1 10989
2
2
1 31335
3 2 11973
2
2
3 1 29006
3 1 545
1 6480
2
1 203
2
1 1387
1 18844
3 4 31107
2
1 26896
2
3 3 28912
2
3 1 21312
1 32539
1 16192
3 2 1744
2
1 13140
3 2 5570
2
1 9044
3 1 1049
2
2
1 5725
2
3 2 11487
1 24585
1 21513
1 17935
2
1 22906
1 6347
2
3 5 24316
1 11125
2
2
2
3 3 4570
1 10743
3 3 18843
1 16412
2
3 2 25267
1 15248
2
2
2
1 29755
3 2 31178
1 7897
1 15165
3 1 22364
1 24276
1 7148
3 7 28958
1 17070
1 1052
3 6 12306
2
3 6 11445
2
1 25372
1 26761
2
3 5 29631
3 3 4752
3 2 22207
3 8 21496
2
1 12489
2
1 12744
3 5 26587
1 6551
2
2
2
3 2 20916
1 23910
1 30474
1 23496
3 6 21447
3 5 9501
3 5 28581
1 3287
3 8 12401
3 4 11469
1 26107
1 15095
1 18869
1 32693
3 1 14365
1 2467
2
1 31153
2
2
2
1 8101
1 26183
1 8341
3 8 5759
1 18951
2
1 19454
2
3 11 6748
2
3 1 27402
2
3 6 27884
2
1 12702
1 5906
2
2
2
1 31113
3 11 26370
2
2
3 2 21856
3 9 26019
2
1 3298
1 29931
1 25560
2
3 2 21614
3 3 9562
2
2
3 7 16212
3 1 27910
1 17021
3 5 32022
3 4 2546
2
2
1 26527
2
1 24460
1 6685
2
3 3 10159
2
2
1 28348
1 30962
3 2 19017
1 32714
3 3 25959
2
1 16719
1 3936
2
3 8 8221
3 10 31334
1 22242
3 7 10745
2
2
3 6 28897
3 4 27848
2
3 6 15991
1 21700
1 27732
3 8 14522
2
2
2
2
1 12428
1 3136
1 22318
3 6 31907
1 11127
1 2554
3 5 2197
3 4 6691
2
2
3 1 10776
3 9 12932
2
3 2 16182
3 4 32315
2
1 7368
1 9260
2
3 6 27548
3 5 22000
1 6077
3 4 14245
2
3 7 11652
1 5366
1 14603
3 8 4262
3 7 6812
1 15986
3 6 23163
3 4 7685
3 3 23222
1 26858
1 10280
2
3 1 30463
3 4 2069
2
3 1 24933
2
3 9 14240
3 3 19838
2
2
1 7053
3 9 8462
2
2
1 24711
1 19400
3 6 12697
3 6 15723
2
3 6 21266
1 15099
3 1 15133
1 4189
1 8225
3 6 30445
2
3 2 12082
2
1 9342
3 7 1184
2
2
1 12131
1 13440
3 2 32225
3 5 14643
3 4 29865
1 18732
3 10 3878
2
3 3 24332
3 4 22564
1 20630
1 18431
2
1 27530
1 22970
3 5 8367
1 30369
2
1 13174
3 9 32714
3 14 30242
2
3 5 18996
2
2
2
2
1 32453
1 4792
3 6 24602
2
1 31562
2
2
3 9 24952
1 20301
2
3 2 30857
3 5 10117
2
3 1 9667
3 1 30570
1 19573
1 18967
3 1 17168
1 29210
2
1 20373
3 3 26390
2
2
3 5 16140
2
1 24333
1 569
2
1 19698
2
1 17434
2
1 17266
3 7 2463
2
3 8 13413
1 25013
3 7 7772
1 3718
1 7721
2
2
1 26366
2
3 7 2205
1 8956
2
3 4 12784
1 263
2
2
3 4 6060
2
2
1 16224
3 8 25052
2
3 3 157
3 2 27207
2
2
2
3 2 24953
1 6148
1 32443
2
1 23740
3 2 29508
1 19813
2
2
1 17892
2
1 9528
3 2 4388
2
2
1 23152
3 5 26014
3 2 25744
2
1 1603
1 25790
3 4 9278
1 8513
3 1 31038
3 2 31658
2
2
2
1 32200
2
3 3 17496
3 1 6322
3 4 4986
3 2 11534
2
3 2 27339
2
1 24397
1 26394
3 4 26782
3 4 21443
3 1 23238
1 23390
1 21156
2
1 1191
2
1 15850
3 3 16155
1 1369
2
1 14310
1 22010
3 3 4826
3 5 15415
2
3 1 32314
2
2
2
3 1 22495
1 8832
2
2
1 20169
1 4918
3 4 32595
3 1 11691
2
1 14893
2
2
3 1 25894
2
3 1 30295
1 2635
3 1 4195
3 2 13799
2
1 17169
2
3 2 12365
3 2 14403
3 1 10633
3 2 12387
1 22377
3 2 18932
1 11840
2
3 3 25362
1 22794
2
1 27113
3 3 20439
3 2 13008
1 2006
1 17360
2
2
1 22428
1 12192
3 4 30546
3 3 20137
3 5 5764
3 1 28600
2
3 3 22137
3 1 2632
1 8030
3 3 4235
1 1701
3 7 28583
1 21879
2
2
3 4 32710
3 1 30911
3 3 13789
2
2
2
1 15430
2
3 1 20937
2
1 4882
2
1 1715
2
3 1 26229
3 1 24908
3 2 32518
1 3871
1 14634
2
3 2 30872
2
1 5792
2
1 21107
3 1 12220
2
1 12294
3 2 6766
2
1 23357
3 2 7221
2
1 23829
3 1 10031
3 1 4952
3 2 31246
2
3 2 5267
1 24484
2
1 17505
1 30919
2
3 3 11024
3 3 26059
1 24997
1 15449
3 5 5573
1 18722
1 3345
3 6 13953
2
1 16089
2
2
3 1 13013
3 5 16812
3 2 14299
1 21521
2
2
3 3 5837
2
3 2 29469
1 9924
1 16789
1 14627
2
2
1 13679
1 3730
2
1 16861
2
1 12037
1 7995
3 2 27017
2
1 24916
2
1 21645
2
2
1 27011
2
3 4 22309
3 1 24501
2
1 12647
2
3 3 23984
2
2
3 2 22570
1 13979
1 24230
3 1 23623
1 31190
3 1 15512
3 4 30608
1 12534
1 9457
2
3 4 28450
2
1 19618
3 6 18432
3 1 7678
1 21926
1 7530
2
1 6591
2
1 23804
3 3 30114
1 1228
2
1 13367
2
3 7 21982
1 31182
1 22480
3 7 8704
1 30146
2
3 8 26685
2
2
2
1 11597
3 4 27454
2
1 17773
2
3 6 24915
3 4 9161
2
1 17346
2
2
2
2
3 1 28904
2
1 7415
3 3 245
1 26942
2
3 3 26590
2
1 29863
2
1 21646
3 1 23760
1 14621
1 27753
1 20402
3 5 28979
1 27226
3 1 28173
3 2 425
1 32215
2
1 17007
3 1 7284
2
3 6 745
3 2 32124
3 5 20929
2
3 5 24839
2
1 8033
2
3 3 8013
2
2
2
3 2 3537
3 1 10836
3 2 15545
1 31259
2
3 1 32189
1 11343
2
3 2 12615
1 27901
1 16157
1 20734
3 1 23841
1 7821
1 13493
3 1 7318
1 7812
1 14932
2
3 2 19596
1 13340
3 5 15425
1 12922
3 4 2164
3 8 23028
1 25192
1 8803
2
3 8 320
1 18430
3 3 30356
2
2
2
1 4360
2
2
1 927
3 8 2392
3 2 14522
2
2
2
1 31955
1 11042
1 17345
2
3 2 5458
2
3 4 5045
3 4 23614
2
3 1 6909
1 6019
3 4 20452
3 2 29663
3 2 8708
2
3 4 17921
2
2
1 27478
2
3 2 19438
2
1 30011
3 4 2575
1 6348
3 1 14016
3 1 4576
1 15605
1 8549
2
1 23676
1 3782
3 4 23047
1 1471
1 4725
3 3 31358
3 5 24102
3 9 11232
2
2
3 5 10981
3 4 25937
1 17510
1 25197
1 17374
1 19473
3 5 24099
1 28412
1 21395
1 22108
3 11 3601
3 3 20113
2
1 32533
2
1 12049
1 7879
3 5 12886
2
3 5 14460
1 29952
2
1 6599
1 13939
3 2 30947
3 3 13823
2
2
2
2
2
3 2 8559
1 3757
2
3 8 30975
1 19055
1 30669
1 21590
1 28618
1 12057
2
1 6640
2
1 23434
3 5 16289
3 3 20104
2
3 16 31144
1 28448
3 13 14691
3 5 27926
1 29382
1 10998
3 8 10804
3 3 4530
3 10 740
3 15 13719
3 17 5835
1 15835
2
3 19 12468
2
3 16 10300
1 19008
1 16205
1 4500
1 32751
3 14 17256
2
2
1 4192
2
2
1 11916
2
3 13 5943
1 12710
1 19328
2
1 1049
2
2
2
3 14 16139
1 2806
2
2
3 7 23222
1 25278
2
1 15194
1 26039
3 19 10505
2
2
2
3 12 8560
1 26515
1 24345
3 17 1044
2
3 4 7548
3 10 27635
1 31826
2
2
1 22876
2
1 15024
3 8 12177
2
3 4 31295
3 2 30928
2
3 15 8623
2
1 6672
3 2 11760
1 188
2
1 7781
2
2
2
1 29318
2
3 3 15127
3 12 5901
3 1 3361
2
1 21296
1 16033
3 10 31447
2
1 13594
3 4 16385
1 256
1 5486
3 5 12391
2
1 23433
3 8 31095
2
3 11 2496
2
2
1 10805
1 26385
3 9 28486
2
3 11 32700
3 10 29574
3 10 15933
1 27152
1 14503
3 9 7469
1 18854
3 6 9183
3 10 16281
3 12 23954
3 7 21921
2
1 11635
2
2
2
1 29822
2
3 4 5134
2
2
1 11460
2
3 5 15153
2
1 11852
2
3 11 27616
2
2
1 15759
1 7593
2
3 5 13981
3 10 17627
2
1 30144
2
3 5 24061
2
3 6 6673
3 3 32511
1 7249
1 3357
1 28927
3 5 26194
2
3 3 29948
2
1 8225
1 22407
2
3 10 19964
2
1 8432
3 7 15016
3 4 26804
1 30995
2
3 3 15562
2
3 6 10103
3 3 1488
3 4 18640
2
1 17257
3 4 4948
2
1 19315
2
1 28088
1 29587
3 2 1753
3 5 10766
3 5 6577
1 23089
3 9 25404
3 9 28557
1 13731
2
1 16505
3 8 10327
3 7 30605
1 16783
2
3 11 29056
2
1 18997
2
3 3 6633
2
3 4 25658
2
1 22540
2
1 12198
2
3 3 19047
1 10417
3 3 18248
2
2
2
2
3 5 6218
1 14741
3 2 4951
1 25871
3 4 5173
1 19138
2
3 5 14859
3 3 29712
2
1 20063
2
3 7 28114
2
2
1 4059
2
3 2 7639
1 25480
3 1 20033
1 13430
1 12586
3 5 3745
1 28281
1 9517
1 761
3 5 27072
2
3 4 17652
3 5 22098
3 10 19475
1 16987
3 3 9962
2
1 13817
1 3436
2
1 5530
3 1 28344
2
2
2
2
2
1 28208
3 2 7931
3 5 12646
1 24808
3 6 12451
2
3 5 32708
3 6 20014
1 19636
3 2 478
3 8 22244
2
1 27384
2
3 2 12393
1 11585
1 6963
2
3 1 4441
3 9 24723
2
1 31654
2
3 1 16651
3 8 24295
2
3 2 1184
3 5 17406
1 28926
2
3 3 27663
1 4992
2
1 19528
2
1 10960
2
2
2
3 5 31243
2
3 2 24035
1 8158
3 5 21203
1 21388
3 6 1212
1 9609
2
1 25718
3 2 28511
3 4 8217
3 4 12873
1 12434
2
2
3 5 5856
3 2 28402
3 6 7267
1 32593
3 5 32623
2
3 5 20579
3 6 20474
2
3 4 22703
2
2
1 10787
2
3 2 8034
3 2 29032
1 10354
2
2
1 15806
2
3 2 2786
3 1 2725
3 2 6290
3 1 2176
1 1804
2
3 2 11792
3 2 3833
3 1 17703
3 2 16702
1 23015
1 31798
1 22714
3 4 15926
2
1 29570
2
1 29928
1 13696
3 2 13257
3 5 31284
1 2050
1 20341
2
3 4 4092
2
3 4 21046
1 7972
3 3 13760
1 3574
1 19010
1 28426
1 17775
3 10 19900
2
2
2
2
3 3 16517
3 4 12112
3 3 6770
2
1 16383
3 3 23173
3 1 26569
3 3 10463
1 814
2
2
3 5 29777
2
2
1 22753
3 1 19513
2
1 4691
3 4 3184
3 3 20803
2
2
2
1 30729
1 30633
2
1 8800
1 10966
3 2 14510
1 23718
2
2
1 19571
1 17602
2
1 940
3 6 3901
3 4 1932
3 2 24285
1 31733
3 2 23432
2
3 1 26735
3 2 17024
1 19592
3 7 14067
3 3 22344
1 5264
2
1 2805
1 4154
2
1 21128
3 7 25503
1 28567
3 6 27636
3 8 11150
1 17136
2
1 22329
1 21518
1 24423
3 12 13589
1 22651
1 2044
1 20025
3 11 20584
2
2
1 22759
3 13 25978
2
3 8 9534
2
2
1 12154
1 22660
2
1 24463
2
3 13 25836
2
3 1 5512
2
1 9169
2
2
2
3 8 11871
3 7 12827
1 13038
2
2
2
1 30241
3 8 15874
2
1 4068
2
1 31564
1 11180
2
2
3 7 3451
2
1 17466
1 13656
1 9739
1 29806
2
3 9 11665
1 1061
1 25144
1 31559
1 24258
2
3 9 6061
2
1 3747
3 11 6843
1 15915
2
3 1 8101
2
1 30491
1 6495
2
1 6015
2
2
1 5686
1 8948
1 7582
2
2
2
3 1 23148
3 10 24530
3 10 4647
3 5 18889
3 10 31470
3 10 29482
2
1 31390
2
2
1 14347
2
2
3 6 17768
2
1 28689
3 7 94
2
2
2
3 1 31430
3 5 32751
2
3 4 2374
2
3 3 6103
3 2 2592
1 2242
3 3 18274
1 18864
1 27877
3 1 32336
3 3 19539
2
3 2 13007
3 3 5785
3 5 16605
3 5 19162
1 27197
2
1 20186
2
2
1 18970
2
2
2
3 2 23814
3 1 6898
1 25598
2
3 2 11737
3 2 25038
1 12116
1 31503
2
1 676
3 2 19709
1 31342
1 4517
3 2 12127
1 4835
2
3 2 1175
1 21167
2
2
3 1 27772
1 21260
3 6 28975
3 2 29146
1 13456
3 2 29887
3 7 11738
2
2
3 1 9818
3 1 29114
3 2 17553
2
1 17465
1 11760
2
1 27735
2
1 17241
1 1700
3 1 2111
2
3 1 11476
2
1 4615
1 26635
3 3 32585
2
2
3 1 2399
1 4276
2
3 5 706
1 15807
3 1 30314
3 6 14927
3 5 436
2
1 14641
2
2
1 14366
2
3 2 23168
3 4 28030
2
2
1 10222
1 4136
2
1 20746
1 4791
2
1 28074
2
1 11532
2
3 3 15561
2
1 9845
3 3 30669
2
3 1 17511
1 10560
3 4 23452
1 2533
1 4962
1 20837
1 10672
2
1 19844
1 6629
3 8 19214
2
1 18190
1 15709
1 12567
1 3967
3 3 25050
3 11 18450
2
2
3 4 524
2
2
3 4 863
2
3 2 19809
1 25987
3 7 28715
1 32003
1 24231
2
3 7 21413
2
1 460
3 6 29615
2
2
1 18168
2
3 3 5360
3 2 12223
2
1 19792
1 4200
1 24085
2
3 5 29723
3 8 12433
2
2
3 1 25723
1 1252
3 5 9967
1 26018
3 3 19410
1 15739
2
2
2
1 5322
2
3 5 21478
2
3 3 6189
2
3 2 29877
2
1 25647
1 24086
2
3 3 6966
3 1 31822
2
2
3 1 12019
1 23171
2
3 1 2196
3 2 26566
3 2 13210
1 9224
3 3 20397
3 2 20686
3 3 13885
3 1 27824
1 27075
1 1883
2
1 26135
1 9949
1 2023
3 1 1255
3 1 23013
2
3 3 13154
2
1 10043
3 3 1884
1 16211
2
2
3 1 14695
2
3 1 30958
3 2 1789
2
3 3 24846
2
3 2 6402
1 5225
2
1 12714
3 2 811
1 2775
1 21075
2
1 3140
1 16902
1 15070
3 7 8276
2
3 5 31446
1 27218
1 6762
3 1 4898
2
3 7 14049
2
2
1 17066
2
3 1 31512
3 4 8531
2
2
2
1 1103
3 2 19602
2
1 17406
1 15877
3 3 25443
3 2 1279
3 4 28106
1 30277
2
3 1 17229
2
1 24679
3 4 12817
3 2 7156
1 7720
3 4 5135
3 5 24560
3 1 8842
1 4338
1 2331
1 1931
2
2
3 6 3397
1 28361
1 6771
1 13829
1 24074
3 6 14368
1 10660
1 24789
2
2
1 12267
1 471
1 16138
1 10112
3 7 22438
1 8807
1 32240
2
3 4 1031
2
1 3923
2
1 4105
3 2 14618
2
1 26880
2
2
3 10 17745
3 2 14984
2
1 26904
3 11 17344
3 4 24279
2
1 32203
1 24108
1 4614
3 3 15335
2
2
3 1 10509
3 7 17862
1 9473
2
1 31170
1 25436
1 18259
3 2 25901
1 13797
1 20826
3 13 29289
2
3 1 994
3 8 20744
1 15143
3 9 18236
3 17 19693
1 21249
2
1 18121
1 31174
1 14343
2
3 16 21536
1 14465
1 25250
2
3 3 21053
2
2
3 9 14388
3 10 22527
1 13162
1 366
3 10 24515
2
2
3 1 6342
1 4613
1 6247
3 3 20749
1 1253
1 9430
2
1 8727
2
2
1 12942
2
1 32117
1 27039
3 17 31682
3 9 20028
3 16 22646
3 17 17955
1 1985
1 7030
1 3515
3 17 27604
1 11183
1 1482
1 6
1 12822
3 14 31347
2
3 19 26762
2
3 25 28434
1 19114
2
2
2
2
3 22 16967
3 20 3390
2
3 8 9675
3 12 24637
2
3 1 15356
2
2
1 27202
2
1 24146
1 23829
1 17606
1 18986
3 13 18695
3 19 26394
2
1 21840
1 19531
2
3 25 8538
2
2
3 17 3389
1 31428
1 32619
2
1 2657
1 20037
3 21 803
2
1 5752
1 22078
3 18 20175
3 19 31392
3 7 29482
2
1 25018
1 20231
2
1 16850
1 20217
3 28 1885
3 3 11275
3 26 24517
2
1 3047
3 29 22189
1 20976
3 24 7589
2
2
2
3 1 193
2
3 14 384
3 3 14927
1 2280
3 11 8133
1 29860
2
3 6 28127
2
1 32555
2
2
3 16 8900
3 11 13224
2
1 9323
2
1 21653
3 2 15095
3 12 26279
3 12 3736
2
1 20895
3 15 18904
2
2
3 17 25844
2
1 21894
1 30217
1 18692
3 1 3254
1 25444
3 15 10360
3 9 31812
2
2
1 9386
2
1 20636
3 18 29309
1 25635
2
1 28934
3 4 24537
2
3 9 257
1 7560
1 9674
1 7249
3 2 4010
3 6 9415
1 21127
1 32054
3 4 19437
3 22 26350
3 13 8874
1 21525
2
3 26 8426
3 12 2109
2
2
3 5 17189
2
2
3 21 25538
1 9933
3 14 875
2
2
2
3 22 29945
1 20963
3 21 12042
2
2
2
1 15479
2
2
1 23324
3 8 11196
2
1 26321
2
1 28071
1 7625
3 5 21096
3 7 15082
1 6954
2
1 16785
2
2
3 15 29054
3 10 29686
3 17 963
1 19658
2
2
2
3 15 14139
1 31221
1 17612
3 6 24584
3 11 14666
1 28798
3 12 16648
2
2
2
1 23106
2
3 14 4005
2
3 5 20041
1 20576
3 9 27684
3 15 23241
1 23464
3 12 3502
1 21722
1 1595
3 11 5222
1 6431
2
1 1482
3 10 24104
1 9350
3 12 29940
1 24784
3 15 21786
2
1 18538
3 5 32314
1 8261
1 14741
2
1 18986
3 12 9559
2
1 21963
1 1311
2
1 8196
3 12 1374
2
2
1 27507
3 2 19824
1 10145
2
2
3 2 25871
2
2
2
2
2
2
2
3 7 11922
2
3 13 7874
1 26241
3 3 11657
3 16 17823
1 7131
1 9978
3 2 10620
2
2
3 2 13369
3 14 15073
2
3 4 12085
1 14117
1 32003
1 4167
2
2
2
1 19267
2
2
3 14 5815
1 18730
2
1 32335
1 8791
2
1 14223
2
1 32173
1 25451
3 14 11692
3 19 3923
3 4 17761
1 28679
3 10 28840
3 21 18425
3 2 25047
2
2
3 7 26229
2
1 17555
2
2
2
1 6115
3 2 13855
1 18145
3 3 23252
2
1 14523
2
1 4847
1 19419
3 3 21562
1 29197
3 20 19474
1 20773
2
1 8553
2
1 14228
2
1 1042
2
1 11764
1 11268
3 16 18549
3 12 23091
1 24324
3 2 30416
3 12 4176
2
3 7 30121
1 10109
1 19196
3 17 18205
2
1 11882
1 7496
2
3 6 21622
3 2 14056
1 9046
3 16 18925
2
3 10 28170
1 8742
1 18227
3 11 12151
3 22 18160
2
3 25 13201
1 29186
1 17468
3 19 14416
1 4190
1 8081
2
3 19 6585
1 30312
3 22 14831
1 18603
1 31090
2
3 7 16364
2
2
1 24513
1 24712
3 23 16343
1 18176
3 28 28651
1 3774
2
2
1 28561
3 16 18211
1 14832
2
1 31074
1 4279
1 15355
2
1 17182
3 11 323
2
2
2
2
1 3041
1 28284
1 3478
2
1 11472
3 12 14189
3 17 26707
2
3 13 27439
3 19 18885
3 13 25625
3 33 20635
2
1 17247
2
2
3 6 15972
1 1789
3 16 9890
3 32 22523
3 3 5865
1 10458
2
3 1 2216
3 29 427
2
1 23829
1 11908
1 22642
3 14 25430
3 34 28920
1 7129
2
1 5429
2
3 4 7682
2
1 14588
1 13983
2
3 31 7918
3 19 501
1 24771
1 2095
3 10 13155
1 30697
1 24152
1 17021
1 13880
1 4195
1 25505
2
3 28 17915
1 29190
3 13 11290
3 33 29095
3 31 3683
1 15083
1 27894
2
2
2
1 28492
2
1 4874
3 14 5932
1 29928
3 9 6851
1 11502
3 38 26563
3 1 25651
2
1 13738
2
2
3 40 5905
3 1 6593
3 4 3926
1 27957
1 4986
2
2
2
1 19426
3 41 7758
3 17 7146
3 31 29803
3 33 6542
1 16278
3 30 29285
2
2
3 33 20235
1 32382
1 7602
3 8 32184
1 31918
2
3 37 5836
3 7 20631
1 9209
3 8 8499
3 35 14501
2
2
1 20451
2
3 39 6503
3 24 20656
1 5997
1 31412
1 17517
1 15940
2
1 11580
3 18 12787
3 20 8622
2
1 28499
1 5348
3 10 2211
3 35 8544
1 32677
2
2
1 9625
3 43 12822
1 26944
1 10959
1 2328
3 33 15674
3 5 27783
2
1 4660
1 12140
1 28879
2
3 26 7840
1 1320
1 955
2
3 33 6288
3 19 18065
2
2
1 27249
3 20 4645
3 35 4064
3 15 22362
2
2
2
2
3 17 11934
1 11212
3 39 10330
2
2
1 14911
2
3 13 2741
1 5911
2
3 41 26459
1 6814
1 1913
2
2
3 25 28411
1 28288
2
2
2
1 5695
2
3 30 2760
3 12 28035
2
1 32700
3 42 30647
1 2617
3 45 27295
3 10 30432
2
3 42 29935
1 2199
2
1 29692
2
2
2
3 7 22166
3 37 30737
2
3 21 20314
1 17076
3 33 330
3 23 3001
1 12728
2
1 5989
1 26671
1 8845
2
2
1 4723
3 5 28749
2
2
3 34 21167
1 24204
1 1720
3 20 32181
1 16877
3 10 13520
1 30404
1 13601
3 47 27308
1 5224
3 25 3293
2
1 13472
2
3 11 24060
1 8701
1 29843
2
3 14 18105
3 46 13329
1 32457
3 23 15958
1 25159
3 39 4156
1 32071
3 21 1704
2
2
3 49 22140
3 24 18858
3 8 19300
1 29275
1 9935
3 3 20017
1 13077
1 17003
1 30888
2
3 9 22431
3 50 9623
3 40 6705
1 26255
1 30937
3 28 31809
3 24 17941
1 12341
2
3 25 21736
1 406
3 18 26678
3 16 25537
1 7723
1 12625
2
1 7305
1 24378
3 34 8343
3 20 15508
1 30411
3 3 12350
1 19378
3 21 16758
3 2 1049
1 26752
1 5708
2
2
3 27 22159
3 2 9266
3 26 28544
3 41 8915
2
3 36 21008
3 1 25197
3 57 24287
3 48 27354
1 12560
3 10 31248
3 27 10488
3 4 23521
1 8464
1 2763
3 31 29865
2
3 28 18987
3 27 27595
1 24612
3 47 7708
2
3 9 25830
1 19798
1 20864
3 6 16898
1 1538
3 18 24813
1 24315
2
3 3 10627
1 189
2
2
2
1 12509
2
3 63 13658
1 4125
2
3 49 32358
2
3 21 3645
2
3 60 19952
3 24 3887
3 40 27866
2
2
1 10200
2
1 22490
2
1 6491
3 58 19979
1 6569
1 16903
3 5 13707
3 23 5690
3 56 28289
1 23213
3 61 2391
2
2
3 43 19416
1 8334
3 1 12794
3 24 22353
1 3131
2
1 16606
3 7 28945
2
2
2
2
2
2
1 22338
1 29848
3 23 18279
2
3 51 22611
3 19 14696
1 22696
1 32687
2
2
2
3 13 17441
3 12 2165
3 41 18117
1 13136
1 10505
2
1 11768
3 45 1579
2
1 25036
3 47 22823
2
2
2
2
3 19 27748
2
1 31272
1 25397
2
2
2
2
1 16413
2
2
1 21780
1 4700
3 16 171
1 26256
2
1 24250
2
2
3 28 14824
1 27123
1 26178
1 26865
1 214
1 30175
2
1 9613
1 16975
2
1 768
2
3 51 19548
2
1 4060
2
1 2672
3 43 172
1 23361
2
2
3 36 26321
1 19758
2
1 12305
1 18922
2
2
1 15588
3 32 19555
1 116
2
3 49 21253
2
2
1 26637
1 19269
3 34 11663
1 21129
1 21282
1 30059
1 19613
2
2
3 2 18194
1 17837
2
2
1 28443
2
1 6652
1 28357
1 24677
3 6 28859
2
1 328
1 10504
1 29378
3 1 31321
2
1 19591
1 15993
3 7 25799
3 53 30057
1 6005
2
3 5 27646
2
3 28 4267
3 8 23445
2
2
3 55 194
3 31 8060
1 16423
1 13476
3 19 19587
3 45 25007
3 24 7608
1 28184
2
1 27623
2
3 61 1854
2
2
2
1 23874
1 10410
2
2
1 13065
3 48 5593
1 27864
1 2758
3 17 6031
3 8 30479
3 45 13424
2
1 2386
2
1 29367
1 10524
3 14 8703
2
2
1 19752
1 19524
1 27474
2
2
1 18684
2
3 18 10855
3 44 19054
1 29625
3 8 4765
3 22 10370
2
1 26492
1 21526
2
1 10768
2
1 21810
3 19 4748
2
3 11 20096
1 3533
2
2
2
3 2 10519
3 24 20840
2
2
2
2
1 25882
3 11 31525
1 11392
1 13128
1 8669
2
1 8911
3 14 5180
1 21800
3 58 4012
1 3900
2
1 6264
2
1 18946
3 2 10138
2
3 43 19966
2
2
1 7829
1 32696
2
1 24025
3 29 19770
3 47 6753
3 49 6155
3 33 24001
3 39 778
3 52 13424
2
3 30 12923
1 10726
1 9339
1 7761
1 12038
2
1 17604
2
1 32339
2
2
2
3 37 86
2
2
1 21086
3 46 26985
2
2
1 26653
2
1 2717
1 32546
2
1 31762
2
2
1 23698
1 26914
3 34 3534
3 43 3405
3 10 17558
3 2 2951
2
3 20 20634
1 28316
1 1549
1 30716
2
3 16 2848
2
3 11 25237
2
1 26042
2
2
3 12 16213
1 4165
1 14935
2
3 13 16545
3 30 22513
2
2
1 18830
1 31136
2
1 15482
1 15502
2
1 15105
3 34 20369
2
2
2
3 21 29387
1 18291
3 25 28732
1 18737
1 6195
3 8 14418
3 9 28358
2
2
2
1 18874
3 34 14947
2
1 28503
3 25 30073
1 17397
2
2
1 1064
2
1 12124
3 32 29032
3 44 28038
3 22 18620
2
3 34 22381
3 15 11691
3 12 8510
3 36 20711
2
2
1 15047
2
2
1 10637
3 4 7315
3 3 15849
1 890
1 21028
1 30198
2
1 10028
3 45 13393
3 46 19665
2
3 41 29718
1 24826
2
2
2
3 13 379
1 8657
1 5704
2
3 48 8421
1 438
3 30 21114
1 19645
3 29 13508
3 6 4381
1 24897
3 26 18965
2
2
1 22105
1 21893
1 29259
2
3 43 32750
3 3 16474
1 16079
2
1 4808
2
2
3 8 28972
1 25291
3 44 2335
3 9 12945
3 12 29179
1 29196
2
1 9837
3 22 27476
3 37 26488
1 10785
3 10 21749
2
1 9233
1 24964
2
1 13513
1 13072
1 2759
3 14 1410
3 15 26488
2
2
2
2
3 25 21868
1 11514
2
2
1 3550
2
1 3069
2
1 11895
1 9591
3 7 24532
1 27566
1 21453
3 18 19678
2
3 61 7445
2
2
3 25 25902
1 17990
1 13594
1 20437
1 27716
3 46 27405
2
2
1 28457
1 23603
3 25 2976
3 57 5875
1 3026
3 61 8307
2
3 30 22097
1 1097
3 59 18531
3 59 17395
2
3 37 12521
2
1 12498
3 29 9181
3 31 30199
1 13502
1 4714
3 15 12760
1 21605
1 31820
2
1 29559
1 2604
2
1 16756
3 3 17220
2
2
2
2
1 13273
3 52 11254
1 2539
3 47 6580
3 51 5208
1 2128
1 24710
1 805
3 60 19288
2
2
3 9 5505
1 1826
3 34 28128
1 23331
2
1 2121
1 24872
2
3 38 31619
3 33 3289
1 4481
2
1 29006
2
3 16 7178
1 23433
1 32149
2
2
3 16 24662
1 15131
2
3 20 12331
3 53 16779
2
3 71 1092
3 38 23856
2
3 57 2661
3 32 2479
3 49 4073
3 65 6450
2
3 50 24189
3 53 22645
1 25356
3 23 16539
2
2
1 18306
2
1 25719
1 19444
1 11874
1 11780
3 46 32194
2
1 16569
1 19507
2
1 11879
3 23 28173
3 10 17762
2
2
2
3 26 18298
1 11077
3 47 11436
2
3 55 29583
2
1 7280
2
3 55 20060
3 35 5585
3 46 5826
1 8646
2
1 19253
3 65 30498
1 30995
1 6045
2
2
2
3 17 9276
1 28296
3 43 5986
3 18 21469
1 11296
3 6 4463
3 4 954
3 68 14812
1 26541
1 12928
1 30861
2
2
2
2
1 11216
3 51 9552
1 5368
1 24670
1 19933
2
3 2 21558
2
2
3 60 11805
2
1 13916
2
2
3 13 28750
3 23 2849
1 7646
3 16 27161
2
1 10145
1 16435
3 43 2757
1 19099
3 50 21504
2
1 13357
1 27029
2
1 25796
1 25788
2
2
1 5107
1 8708
3 27 6275
2
3 23 24901
1 9359
1 30860
2
3 43 2978
2
2
1 23685
2
1 4155
3 34 16557
2
2
3 29 17325
1 8906
3 22 3802
1 25837
1 2581
3 53 16352
1 24065
3 4 20785
1 28223
1 5996
2
2
3 30 10798
1 11594
2
2
1 2997
2
2
3 15 18276
2
1 16915
2
1 12534
3 47 4345
2
1 25462
2
1 6212
2
2
2
3 31 21800
3 6 16405
3 1 16757
1 4309
1 28831
1 6127
3 25 23212
2
1 14582
1 6569
1 28290
2
1 14352
2
3 25 21908
1 20324
3 26 9760
1 25769
2
2
1 874
1 1186
3 22 4
3 30 21204
3 31 23202
2
3 71 26949
3 57 27587
2
1 25887
1 31936
3 4 13674
2
1 16344
2
2
1 10170
1 28938
3 38 21695
2
2
1 32197
2
3 34 27047
2
2
2
1 15944
2
1 32052
1 28421
3 32 20425
2
2
2
2
3 10 6596
1 3820
3 40 1198
3 60 1109
1 3982
1 6074
3 35 13128
1 9783
1 11209
2
1 23589
1 5701
3 72 11669
3 65 15685
3 33 29434
3 47 11282
1 12595
2
2
1 7335
3 56 4063
3 13 2607
2
2
2
3 1 2290
2
3 8 3865
3 63 4937
3 23 16662
3 60 16409
1 19085
2
2
2
1 27199
1 18922
2
1 22390
2
3 27 16748
3 4 7445
2
1 22774
1 25940
1 11358
3 38 21205
3 18 26595
3 60 31843
3 26 22024
2
1 10455
2
2
1 17960
1 19930
1 30564
3 14 22046
2
3 72 12872
2
3 67 5775
2
3 64 25665
3 59 8865
2
3 53 17291
3 48 15639
3 61 32708
2
1 27209
3 40 11771
1 30322
2
3 49 19952
1 19758
1 31751
3 25 5560
3 28 13529
3 26 28328
1 28085
2
2
3 8 13568
3 22 5824
3 55 3599
1 32075
2
3 2 22119
1 15391
2
3 40 7569
1 32291
1 26802
3 69 29797
3 5 12750
2
3 17 453
1 25041
2
3 38 7192
1 9286
2
3 14 7845
2
1 4792
3 29 16220
1 14435
3 5 3530
3 31 20762
1 21559
2
2
2
1 19576
3 7 25956
2
3 58 17482
1 31757
3 61 21759
2
3 62 7179
1 14860
2
3 49 15995
3 54 14065
3 59 31434
3 8 1413
2
1 18093
3 39 13483
1 23105
2
2
1 22550
1 27280
1 30365
1 32681
1 7879
3 49 22944
2
1 13407
2
1 23664
2
3 29 31378
2
3 3 20233
3 64 1810
1 12659
3 54 9149
1 21493
2
3 71 5168
3 67 17799
1 26412
2
1 25359
3 41 10456
1 14919
2
1 17077
2
3 10 27272
3 29 28302
1 13700
1 2926
1 1664
2
1 20333
2
3 36 32611
3 76 25247
1 17865
3 18 18838
2
2
2
3 22 31990
1 13136
3 4 27684
3 71 9894
1 30497
1 4369
2
3 36 25768
3 53 15584
3 69 23837
2
2
3 21 3912
1 470
2
3 3 23091
2
3 14 24156
2
3 15 16235
3 20 30741
2
3 55 1559
1 26451
1 23569
1 17355
3 58 31868
2
2
3 58 29056
1 7685
3 53 7418
2
2
2
3 57 21688
2
2
3 32 27699
2
2
3 66 3244
2
3 25 2730
3 1 21894
1 3943
2
1 3912
3 45 29987
3 34 17747
3 13 18817
3 38 18360
3 54 7658
2
2
2
3 35 28005
3 20 22411
3 26 19585
2
3 58 21520
1 30840
2
1 24218
1 30307
3 26 16890
1 13578
2
2
2
3 3 8768
2
1 32209
1 1017
2
3 29 31848
3 9 5702
1 24869
1 30891
1 15933
3 37 5301
2
1 9519
2
3 11 16280
3 54 20416
3 31 24251
3 17 31676
3 31 21173
2
1 20601
1 29856
2
3 14 24955
1 30978
2
1 15438
1 30437
2
1 12400
1 9128
2
1 4793
3 5 30605
3 49 15089
1 17240
1 25312
2
1 13167
3 58 22762
1 27188
2
1 32193
3 38 3815
2
1 6960
1 10234
3 28 21660
2
2
1 22675
3 37 25471
1 29780
2
1 20712
2
3 52 12935
2
1 883
3 39 8111
2
3 63 21512
3 34 25777
2
3 1 6488
1 8482
1 29082
2
1 20339
3 67 5840
3 46 25400
2
3 8 4424
3 58 29111
2
3 51 14220
3 52 7512
2
3 61 16282
3 4 20898
1 6727
3 27 27259
2
1 31053
1 11359
3 27 24228
3 35 21804
3 40 26994
2
1 7478
2
2
2
3 33 8422
2
2
2
1 30279
3 9 29257
2
3 60 20947
2
3 56 20920
3 41 3001
3 7 8664
1 20424
1 2528
3 41 25135
2
3 55 19819
2
3 45 32287
3 40 17315
2
1 28372
2
3 16 19785
2
3 25 20297
1 21560
3 48 2919
1 10801
2
3 39 11929
2
2
2
3 48 24789
1 18085
3 26 28891
2
2
2
1 20572
3 36 6333
1 29128
2
2
1 3672
1 28372
1 471
2
3 39 24771
3 51 18059
3 21 10343
2
3 16 686
1 32462
2
2
2
1 1729
3 5 2110
1 21344
1 8475
3 54 19562
2
1 15033
2
2
3 28 11988
3 50 17768
1 1511
3 21 14880
1 27225
2
1 8195
2
1 4829
2
1 22151
1 14758
1 7994
2
3 23 8970
1 3134
2
3 16 12504
3 23 30157
2
3 54 21670
1 24478
3 1 10237
3 32 19107
2
2
3 11 26497
2
2
1 15683
1 22158
2
1 341
3 13 27260
2
2
1 27264
1 10288
3 40 26204
2
1 31502
3 38 27855
2
1 7779
2
1 16888
1 1425
3 48 25487
3 17 9461
2
2
2
3 20 32537
2
1 3406
2
3 52 27276
2
3 18 17782
3 43 30179
2
3 5 26937
1 26007
1 14685
2
2
1 25261
2
2
1 7286
3 49 31626
1 8115
1 20716
3 19 29278
1 20843
2
3 43 16367
2
2
3 48 20007
2
2
2
2
2
2
3 35 10126
1 8330
2
2
1 26751
2
3 27 1654
1 7796
3 11 19459
3 33 2245
2
3 8 19895
1 1803
1 6019
2
1 12124
1 3233
2
1 7517
1 20212
3 38 26482
2
3 36 17958
1 21712
2
3 36 25382
3 15 21685
3 37 10542
2
3 3 28678
2
3 28 18336
2
2
1 23922
2
2
1 31835
2
3 1 8910
2
2
2
2
3 4 11888
3 27 14332
1 9554
3 38 31705
1 3951
2
3 20 785
1 24795
3 33 21489
3 27 17945
2
3 22 5482
2
1 3164
2
1 12564
2
1 15849
2
2
2
1 10138
3 16 388
3 35 28335
3 22 239
2
1 24887
1 31709
3 7 17662
3 23 6724
3 12 25054
2
3 36 9575
3 8 15854
3 2 8123
3 5 14287
1 2463
3 7 5570
2
1 4296
3 33 25521
1 16150
2
1 2695
3 11 30725
1 16664
1 20989
3 6 31098
2
2
3 6 21996
1 19004
1 27488
2
1 23439
3 33 16853
3 14 17834
2
1 15161
2
1 10104
1 20254
2
3 38 18524
1 32221
1 5142
3 43 24016
3 36 6164
1 3233
3 44 28958
3 43 24556
2
3 21 9600
2
1 23129
1 30304
2
2
3 37 12284
3 3 22009
2
1 28340
3 1 4007
1 32349
1 17390
1 5924
2
2
2
2
2
3 7 18552
1 21783
1 17573
1 8390
2
2
1 24868
2
2
3 21 13846
1 17574
2
1 7416
3 34 27880
3 27 17852
1 4766
2
3 16 19972
2
1 2218
3 10 5918
1 6633
2
1 27300
1 10350
2
3 19 30786
2
3 39 7601
2
3 15 15174
3 25 20507
2
3 34 20367
2
1 16054
1 4589
1 10565
2
3 19 20725
2
3 4 9224
1 23256
3 23 19345
1 22670
1 13583
1 1123
3 21 10875
3 42 2976
1 26211
1 21550
3 44 818
2
3 28 13158
2
2
1 24808
1 17102
2
3 34 3733
3 44 10263
1 1400
1 18484
1 24568
1 29888
3 4 13110
1 29248
3 6 26977
3 48 3742
2
2
2
2
2
2
1 5977
2
1 12140
2
1 24963
2
3 10 7552
2
2
1 27121
2
1 9250
3 13 31651
1 28881
1 25414
1 16461
1 7229
2
1 15196
2
2
3 43 32681
1 4920
1 7281
1 5855
3 25 7242
2
3 12 23162
1 14051
3 21 6467
1 13830
2
1 19994
3 34 22280
1 10727
2
1 27904
2
1 8640
3 6 20898
3 2 13509
2
3 10 8660
1 13386
3 39 11508
2
3 37 7323
3 39 25956
2
1 29332
1 13716
3 34 2370
3 47 9667
1 18886
3 26 293
2
2
3 25 24849
3 27 9760
1 9124
1 31852
1 10363
3 49 18037
3 23 30363
3 41 7052
2
2
1 7098
3 20 15692
2
1 1740
3 47 27172
2
2
3 36 16336
2
3 42 12289
2
3 18 22114
3 9 20328
2
1 2019
3 2 2139
2
2
2
2
2
3 37 17781
2
1 31333
2
1 4819
3 5 7822
1 13526
1 10084
1 20306
2
2
1 15607
1 1360
1 14657
3 38 29881
2
1 26024
2
1 8630
2
1 31530
1 18476
3 2 13317
1 29214
3 3 8752
1 27084
3 29 25133
3 23 20250
3 11 8703
1 24309
2
1 20709
3 21 1869
3 15 7862
3 41 24016
1 29113
2
3 39 32155
3 16 4696
3 5 29558
3 13 13450
1 31657
3 45 1805
2
1 29370
3 29 17056
1 2598
3 4 991
3 44 15332
1 4855
2
2
2
1 27006
2
1 8249
2
3 6 15208
1 29871
1 20392
1 6680
3 48 26350
2
3 16 1605
3 39 6232
1 11246
2
3 23 22164
1 14930
2
1 25459
3 38 19843
2
2
2
2
3 31 23547
1 20299
3 45 24606
1 15449
3 49 13272
3 9 16192
1 1327
2
2
3 21 10682
1 5812
1 22431
3 16 22377
3 42 18591
1 6506
3 39 15283
3 21 30170
1 10577
3 48 5034
1 22336
3 1 17830
3 4 27171
2
1 1082
3 27 3085
2
3 41 15818
2
2
2
2
2
1 3880
2
2
2
3 10 12889
3 22 14679
2
2
3 7 27601
3 3 23192
3 32 30387
3 18 6948
3 4 17306
2
1 8053
1 22060
1 15246
3 18 16410
2
3 43 18711
2
3 4 31435
2
2
1 737
3 32 15902
3 18 2437
3 41 1105
2
2
2
1 32747
1 1422
2
1 26465
2
2
3 35 25388
1 20365
3 19 8664
2
2
3 35 24120
1 13748
3 21 18394
1 29577
2
3 35 28789
3 39 22482
2
1 344
3 16 23620
1 17297
2
3 19 7542
2
2
3 12 1239
2
3 22 32040
3 6 23092
1 26666
3 1 13492
2
2
3 7 24849
3 27 19450
1 31263
3 1 15345
3 1 22610
2
3 13 21784
3 7 31970
2
3 11 14065
2
3 21 12276
1 2637
3 21 1492
3 7 27108
1 7662
2
2
3 22 17925
1 24153
2
3 3 19571
1 1208
3 5 6507
3 24 17891
3 32 22440
2
1 10173
1 29922
2
3 19 29364
3 25 12787
3 7 25789
1 12828
2
1 1286
3 20 8018
2
2
3 34 6112
2
1 5726
3 20 13938
2
3 6 11657
3 5 29516
3 17 22249
3 2 349
1 17794
3 26 22494
2
2
2
3 14 16561
1 23329
3 19 11248
3 4 25941
2
1 518
2
2
3 14 2724
3 18 9744
1 27788
1 11893
2
2
3 13 26862
3 22 26207
3 14 11167
1 1047
2
3 4 32375
1 4058
2
2
3 21 8059
3 15 18504
2
1 31475
1 9949
3 21 26885
2
3 13 16960
2
1 660
2
2
1 22248
3 20 32290
2
1 32573
2
3 26 28897
2
1 22463
3 12 1338
3 19 14264
1 25700
1 21030
2
2
1 17173
3 16 9687
1 7581
1 14260
2
2
2
3 17 9856
1 27058
3 15 31175
2
3 10 13397
3 14 2924
3 10 26581
2
2
2
3 8 16339
3 2 11438
2
2
3 3 999
1 8770
1 19311
3 13 19795
2
3 23 1029
2
2
1 20426
1 10443
1 23673
2
1 4765
1 7315
3 23 9922
3 7 27423
3 12 15059
1 5921
3 15 802
1 14248
3 19 15834
3 9 28394
1 21518
1 3395
1 16663
3 16 19350
1 5659
2
3 13 25181
1 11119
3 23 27670
1 415
3 9 22633
3 19 10258
2
1 11109
1 12364
2
1 25233
3 22 20764
2
1 12870
3 28 31382
3 1 29762
1 8645
2
1 27545
1 30008
2
2
1 24516
3 33 30563
1 11535
2
1 14784
1 7606
2
2
1 32030
1 5079
3 21 12798
2
1 24993
2
3 5 4841
2
3 6 12010
1 653
1 18679
3 8 17863
1 20789
1 13891
1 8622
3 19 25904
1 23602
1 32343
1 16887
1 24007
3 5 14558
2
3 29 12584
1 18828
1 18607
3 19 8999
1 3542
1 28213
1 25627
2
2
1 30977
1 22720
1 9046
2
2
2
3 21 5607
2
1 23317
3 8 533
1 4994
3 38 1832
1 17898
3 22 14542
3 36 2329
3 29 1720
3 25 4024
2
1 11512
1 4084
2
1 26418
1 26289
2
2
3 4 128
2
2
1 31795
2
2
3 23 7742
3 20 18784
2
2
3 5 1630
1 26857
1 11221
2
3 18 14246
3 43 12338
3 37 7699
2
3 40 20184
2
2
1 28463
3 34 3887
2
1 11174
3 31 30124
3 37 18229
1 30181
2
2
2
1 17542
2
1 7882
3 6 3720
2
1 24353
3 32 6424
3 14 30969
1 9059
3 31 5333
3 23 8304
1 25342
2
1 19268
2
1 29959
3 38 31534
2
3 5 1635
1 8581
2
3 32 19340
1 1818
2
1 24247
1 23522
3 3 28091
1 23986
2
2
2
2
1 17930
3 23 10505
3 10 24606
3 29 31524
3 19 28314
3 2 25495
2
1 25137
1 24672
3 38 6280
2
2
3 16 25548
2
1 9651
2
3 31 7618
3 36 5140
1 7885
1 838
2
2
1 30442
3 23 22732
3 34 28092
3 12 11531
1 25133
2
2
3 27 12490
2
2
1 6973
3 26 7690
2
3 11 29047
3 37 1654
1 15908
3 21 21383
2
2
2
1 10513
2
3 16 27815
2
1 26219
3 29 12757
1 8285
2
2
3 4 32034
1 21805
3 2 25914
3 17 29004
1 17823
2
3 6 23776
1 8550
2
1 14294
3 11 12322
1 24132
3 29 31994
3 23 7652
1 18543
2
3 23 14094
2
1 12661
1 8258
3 7 12551
3 4 19319
3 33 3335
2
3 8 31089
3 1 8707
3 19 14365
2
3 14 25172
1 18584
2
1 4599
2
2
1 8957
1 14921
3 22 16930
1 25362
2
1 10605
2
2
1 24857
1 32413
3 24 953
1 230
2
3 31 11231
3 13 20415
3 4 3749
1 13282
3 16 4471
1 16311
2
1 13701
3 15 29355
1 22334
1 17093
3 22 8758
3 12 29967
3 41 28303
2
3 33 21631
2
1 24934
2
3 34 19135
2
2
3 15 27926
1 31040
3 2 852
3 13 12752
1 16537
2
2
1 30437
3 28 32244
1 32684
1 22509
1 3556
2
2
1 20356
3 23 30169
2
2
3 32 5494
3 39 3167
3 6 15457
3 22 32318
2
3 2 21842
3 1 14752
1 27671
3 24 24714
2
3 26 26988
2
2
1 8134
3 29 3208
1 19953
1 9370
2
3 25 4525
3 19 4690
3 37 7157
1 8393
1 32149
1 2428
3 6 4195
3 3 25286
2
3 3 733
1 19265
1 16072
2
2
1 12836
1 7973
1 14687
3 9 19231
2
1 29454
3 31 13982
3 11 4031
1 27610
1 21542
3 32 10000
3 40 24971
3 43 24807
1 14281
3 31 22983
3 37 225
3 36 11381
2
2
3 43 5542
3 8 18406
2
3 5 5141
1 26614
2
3 35 845
2
1 2700
2
2
1 14129
2
1 22214
2
2
3 24 32142
2
2
2
2
1 14172
1 5073
1 26131
2
3 4 24886
3 10 2159
1 16722
2
2
2
1 26281
3 21 12118
3 20 9909
2
1 29588
2
3 7 14968
3 34 12920
1 11183
3 1 16217
3 30 29604
3 3 8028
1 27801
1 28621
1 19897
2
3 21 31566
3 23 25932
2
2
2
1 26102
1 23895
1 20182
1 23752
1 2799
1 24726
2
2
3 30 9041
3 40 25469
3 27 30204
1 18529
2
2
2
1 9154
2
1 27040
1 13896
1 8246
2
2
2
2
1 29045
2
2
2
1 15401
3 4 20099
3 35 5151
1 32340
2
1 21835
3 5 27831
2
3 28 23061
3 16 29022
2
3 20 29382
2
1 32003
3 26 31072
2
3 7 17128
1 6672
3 7 15773
2
2
2
1 17796
2
2
2
3 8 27587
3 5 8883
2
2
3 16 15127
3 14 20848
1 17144
3 13 25157
1 27508
2
1 11002
2
1 5574
3 19 485
1 9642
1 18712
3 8 13160
2
2
3 5 30391
1 11678
1 16603
1 25733
1 15557
2
3 2 7552
3 2 12135
1 8444
3 11 11758
1 25614
3 3 1201
3 4 32530
2
1 23832
1 22900
1 12897
2
1 7434
1 18764
3 5 31770
1 14099
2
1 361
1 27857
3 3 30306
3 4 30271
1 14761
1 5558
3 26 3553
3 27 22439
2
1 12784
1 20460
1 27137
1 20844
1 22650
1 13659
1 19519
1 9072
1 6488
2
3 4 22354
3 40 5257
2
1 11407
3 38 21337
2
1 3
3 12 9136
1 26281
2
3 19 27717
2
2
3 15 19515
2
1 1060
3 46 18618
2
3 36 5451
2
1 16047
1 8287
1 11460
3 12 21586
1 19715
2
1 31247
2
2
3 3 15150
2
2
1 7281
1 643
2
1 13820
1 2648
2
3 35 8481
2
1 9886
2
2
3 6 31721
1 21352
1 1611
3 41 19276
1 22009
3 19 31953
1 26077
1 22522
3 28 27030
1 4149
1 5954
2
3 11 14959
3 2 9899
1 7353
2
3 12 16482
1 30632
1 1361
3 28 3442
1 28408
3 11 1491
3 36 11764
2
3 45 27857
3 50 22004
1 19364
1 31564
1 17718
1 29661
3 33 11231
2
2
3 42 24085
3 54 24634
3 43 21261
2
3 51 18193
1 12324
2
1 30008
2
2
3 51 15613
3 22 20785
1 23617
1 9625
1 25600
1 23821
3 37 5258
3 12 2924
1 18410
2
2
2
3 37 22043
1 16184
1 20529
1 29180
1 14900
1 5950
1 5846
1 25052
3 17 25304
2
1 9620
3 47 11397
2
2
2
3 48 28021
3 37 28903
3 18 26394
3 55 1158
1 15772
3 12 8191
3 46 28146
2
2
3 21 29538
3 40 19286
3 26 13075
2
1 25820
2
1 10807
3 14 27389
1 2458
1 12792
3 6 14348
2
2
2
3 8 12757
2
1 8082
2
1 24848
2
2
3 31 30022
3 10 30097
1 106
3 43 23634
3 26 24345
3 55 8935
2
3 24 11842
3 22 9307
2
1 30873
1 16251
1 22955
1 27129
2
1 13320
1 30216
3 7 18500
3 9 23432
1 2700
2
2
3 39 16107
1 22884
1 8685
1 12755
2
2
1 395
2
1 2678
3 58 30457
1 16546
3 27 6149
3 13 21192
2
2
3 45 575
3 33 20637
1 9022
3 57 18006
3 26 28576
2
3 51 16496
2
3 12 24782
3 6 23121
3 40 18851
3 24 13014
2
3 34 14276
1 5683
3 18 29911
2
3 47 30936
3 23 27629
1 25248
2
2
3 47 6912
2
3 54 487
3 43 17343
1 32502
1 6534
2
3 33 7694
1 6816
2
1 616
1 11950
3 10 19430
1 5674
1 9015
3 3 13910
1 24317
2
3 6 13874
1 25777
1 19285
3 4 30951
3 23 16806
3 39 6341
1 2046
1 11274
1 25743
1 23136
3 54 3815
1 6042
1 21687
3 53 27752
3 31 23750
3 57 15468
1 11990
1 11618
1 12375
2
1 2526
3 19 216
3 37 10228
3 10 17886
2
3 20 21986
3 1 21413
2
3 2 12003
2
1 25464
3 3 22337
2
3 63 6484
3 59 15882
3 14 5114
1 16659
2
2
3 44 4414
1 17908
1 14389
2
3 34 123
2
1 3670
2
1 11573
2
3 3 26597
1 26514
2
1 29005
1 25784
2
3 27 7642
3 52 26974
1 10359
2
1 3958
3 3 22622
3 40 8422
1 10777
3 26 30086
1 22528
1 24112
3 33 6253
1 6513
2
2
2
2
1 5752
2
3 33 1665
3 36 15029
3 38 5937
3 59 6618
2
1 19738
2
2
3 14 12584
3 56 31950
3 20 16667
3 56 15579
1 31790
1 22050
2
2
3 38 27137
1 30829
3 48 655
3 45 18527
2
1 1494
1 23622
1 13716
2
2
2
1 15273
2
2
1 16592
3 10 32602
1 18218
2
1 6835
1 23401
2
2
1 13025
1 10329
2
2
2
3 29 9157
3 53 8048
2
1 17279
3 58 8076
2
1 22682
3 22 26252
3 19 7923
2
2
1 29809
1 21029
3 60 2091
3 8 31044
3 65 25803
3 8 11521
1 6468
2
2
3 49 8750
3 22 4008
1 16254
1 3307
2
1 29705
2
3 65 10127
2
3 25 31533
2
2
2
1 12815
3 60 23830
2
1 30991
2
2
3 47 11904
1 14993
2
3 21 14756
1 9852
3 16 28085
2
1 10860
1 18161
1 32686
1 14666
2
1 12885
3 45 28413
3 26 26368
3 41 8699
3 1 23132
3 24 6469
1 8958
1 11245
1 11164
2
3 47 23126
3 23 8474
2
1 6937
1 3979
3 44 12865
3 44 25762
1 22523
3 69 31220
1 10920
3 57 28503
1 1544
2
1 27692
3 67 24612
1 18989
1 3407
2
1 870
2
1 30005
2
2
2
3 36 9544
1 19253
3 16 27913
3 34 25934
2
2
3 33 10193
2
3 2 10487
1 6736
2
1 19615
1 24300
2
2
3 39 3561
1 15955
1 16479
2
1 24263
2
1 28002
1 25413
1 4693
1 32031
2
1 4633
1 17802
2
1 9165
1 23411
1 7497
1 1898
3 38 1508
1 31977
1 15891
3 44 7536
1 21463
3 31 23288
2
2
3 62 15462
3 74 29855
3 9 10550
2
1 14712
3 30 10870
2
2
1 580
3 2 13039
2
2
3 24 14
2
1 6553
1 4635
1 645
1 17170
3 68 6198
2
1 5498
1 23779
2
2
1 6934
1 19977
2
3 40 25119
1 5010
1 4208
3 48 14028
1 14633
1 17036
2
2
1 31028
1 30230
2
3 37 18363
3 68 28103
3 43 20521
2
1 5281
3 78 23773
2
1 5160
2
2
1 27777
1 20366
3 9 17591
1 27653
3 81 19724
1 20044
2
1 28111
1 14912
3 64 183
2
2
3 35 11271
3 12 23628
1 3810
2
2
1 6412
3 7 17543
3 67 9822
1 6696
3 14 26742
3 80 27513
1 31507
3 53 28851
3 2 2033
2
1 11339
3 27 2577
2
1 8135
3 51 15242
1 31502
3 10 4132
2
2
1 7683
2
1 136
3 15 22297
3 9 23613
3 57 32319
1 32513
1 714
3 51 24441
1 18166
3 71 5157
3 8 32697
1 11495
3 68 22414
3 70 113
2
2
1 13385
3 72 7088
3 41 15748
2
2
1 9684
3 81 31896
3 13 15842
1 3728
1 16546
3 17 16028
2
2
1 24781
1 19286
2
1 13998
2
2
1 18384
1 14574
3 38 32009
1 23721
1 20389
3 86 5599
2
1 31605
3 5 1932
1 13104
1 28761
2
3 90 18361
2
1 26675
3 83 21543
2
3 23 24816
1 29522
2
2
2
1 22465
3 31 14870
2
3 52 14730
2
3 36 14010
1 24977
3 21 28681
1 17417
1 21232
3 83 22587
2
2
1 10155
2
1 654
3 3 13349
2
1 20920
2
2
2
3 36 19922
2
1 12591
2
3 20 16620
1 14839
2
3 49 5806
1 18880
2
3 15 17782
2
1 16130
2
3 27 2005
3 20 26946
3 33 29809
2
1 462
3 15 20124
3 41 21376
2
3 17 10079
1 23654
2
3 45 280
1 21615
2
1 22587
0
