1 28858
1 29401
1 24910
3 3 2969
3 2 22939
2
3 2 22930
3 1 26945
1 23680
2
1 12685
3 2 20289
2
1 21585
1 13028
2
1 27828
1 5098
2
1 12433
2
1 16615
3 2 13824
3 5 20635
2
3 3 24228
3 1 9474
2
1 11453
1 22135
1 29578
2
2
3 1 1159
3 1 514
1 21462
1 1076
1 24918
2
1 11197
3 4 23475
2
2
2
3 3 9649
3 2 20178
1 23939
3 2 22409
2
3 2 18546
1 8950
1 27792
3 2 14039
2
1 29793
3 5 19926
3 5 8298
1 18295
1 3164
3 6 6094
2
1 3416
2
3 6 30254
2
1 20896
1 27345
3 1 13558
2
3 3 23090
2
3 2 32087
2
2
3 4 20849
1 4690
3 5 5454
2
3 2 2711
1 26407
2
3 3 25699
1 29480
1 12155
1 23407
1 19158
2
2
2
1 23035
2
3 4 15863
1 7891
2
1 13357
2
3 4 31253
3 1 21934
2
1 29931
1 20885
2
2
3 1 2852
1 8735
3 1 27244
1 25473
1 16319
2
1 27676
1 1234
3 2 11699
1 7661
3 6 30501
1 11422
3 10 975
3 5 25941
1 32488
2
2
3 7 10645
2
2
2
2
2
1 14678
2
1 4989
3 2 6345
3 1 19700
1 10301
3 1 29899
2
1 14838
3 2 23069
1 7988
3 7 32562
3 4 6064
3 3 10040
3 2 14321
3 2 785
3 6 20833
1 25224
2
2
2
3 4 20111
2
2
3 3 12873
2
3 1 30924
1 2495
1 18284
3 3 17691
3 4 22682
2
2
3 2 6981
1 3048
2
3 1 14004
3 1 20861
1 4578
3 2 22506
2
3 2 3683
3 2 5174
1 11341
2
3 2 26429
1 9221
2
3 2 3146
1 1534
2
1 4628
2
1 745
1 25720
3 2 32466
3 2 11000
1 13828
1 16876
2
1 25144
2
2
3 2 19
3 3 5762
3 1 8552
1 1042
2
3 3 851
1 8509
3 4 32522
1 25786
2
3 1 24601
2
3 4 17542
3 4 19902
3 3 1298
3 2 30664
1 11712
1 23387
1 6502
3 7 4905
2
2
1 10466
2
3 4 22513
3 2 32521
1 12109
1 23758
1 28363
3 7 27115
1 575
2
1 13574
1 31619
2
1 18922
1 27484
3 11 21850
3 11 8605
1 7004
2
2
3 10 9629
2
3 3 21652
3 4 25007
3 5 11295
1 24098
1 689
2
1 13510
2
3 3 29969
1 26507
2
1 30135
2
2
1 32239
2
2
3 2 11883
2
1 12974
1 21424
3 9 21329
1 410
1 21559
1 26745
2
3 2 15970
3 4 15285
3 1 20912
1 14725
1 19101
1 11881
3 2 23033
3 12 12309
1 16469
2
2
3 8 4802
2
1 16074
1 30770
1 19698
1 7949
1 20124
1 15016
3 6 20448
1 27590
1 10516
2
2
1 29159
2
3 11 19449
1 17803
2
2
1 17633
3 12 22698
2
1 31110
1 10937
3 16 15584
2
2
3 15 28226
1 5809
3 2 14584
1 17540
1 12074
1 30207
3 9 19660
1 15671
1 6239
2
1 16115
2
2
2
1 24783
3 6 17093
1 15974
2
3 10 10333
1 9251
2
2
2
1 9240
2
3 18 26483
3 4 32583
3 11 2317
1 20448
1 22801
2
1 29998
2
1 8633
2
1 6265
3 2 7542
2
2
1 15846
2
1 3806
1 22253
1 9279
2
2
2
1 19156
3 1 18846
3 10 27549
2
1 14569
2
3 3 31200
1 15710
3 12 31343
2
3 5 21533
1 32113
2
3 6 22637
3 11 22605
2
3 15 6126
1 13514
2
3 8 4253
3 15 20440
3 2 22396
3 11 25236
3 9 20173
3 9 3549
1 976
3 14 6010
2
1 26593
2
3 14 32495
3 13 5830
3 2 9329
2
2
1 9424
3 2 18677
2
2
1 18989
1 7022
3 16 19266
2
1 16899
1 3998
1 25984
1 10209
1 8382
2
3 13 25524
3 12 9758
2
1 27933
1 20891
1 12426
3 5 4208
2
3 16 17226
2
3 7 21790
1 23118
3 9 19092
3 1 3578
3 3 17830
2
2
3 11 25996
1 14817
1 30912
3 4 15709
3 5 5816
2
2
2
1 10106
3 15 28108
1 4858
3 19 8820
3 8 18997
2
1 5719
3 10 453
1 17707
3 18 10142
1 6844
1 27404
2
2
1 1217
2
1 17594
2
3 20 15823
2
2
2
3 2 6716
1 8943
1 29315
1 27333
3 1 2947
1 27040
3 16 6162
1 4607
2
3 9 9547
2
3 17 22754
2
1 10226
3 6 30359
1 3285
3 13 9792
3 5 8501
1 12850
1 1485
1 21261
3 4 27424
3 4 20587
3 23 25439
2
1 15432
2
3 14 21748
1 22961
2
2
1 20829
1 6103
2
2
3 2 1426
2
3 16 1878
3 1 19296
2
1 28392
1 12761
2
3 17 12270
3 15 30841
3 9 25643
2
1 3436
2
3 14 3332
3 3 20295
2
1 26673
2
2
2
1 12286
3 4 10980
2
1 21342
3 2 2792
2
2
3 3 28786
1 5033
3 18 4424
2
2
2
2
2
3 4 30125
3 11 95
1 18286
3 2 12498
1 3294
2
2
3 1 23016
2
3 5 26729
2
3 11 10454
3 2 6769
1 30578
1 10318
3 12 11540
3 13 16697
2
1 20511
2
2
1 21159
2
1 3049
3 11 16273
3 7 27673
3 5 1832
2
1 27111
1 20832
2
1 15786
2
3 10 17405
1 18178
2
2
2
1 10739
3 5 25652
2
1 23472
3 6 25476
1 5587
1 13315
1 29429
1 12591
2
1 30058
1 678
2
2
2
3 8 6738
3 13 4921
2
3 2 2393
1 11796
2
1 6314
3 1 16687
1 7918
2
1 5530
2
2
1 7547
1 24022
2
3 5 13457
1 14115
1 15626
3 13 17476
3 1 11773
3 2 11318
3 12 29415
1 16237
1 3377
2
1 7919
1 11964
1 22863
3 18 11770
1 22875
2
3 10 5183
1 19515
1 24513
2
2
3 9 25007
2
3 10 20877
1 28948
1 12369
3 9 23745
2
3 8 30450
3 1 9375
3 8 16975
2
2
3 4 13867
3 13 6635
2
1 21441
3 6 6032
1 3777
2
3 4 8430
1 8204
3 16 17371
2
3 1 14572
2
3 10 8472
1 32254
3 1 21200
2
3 11 26555
3 15 30195
1 27474
3 8 8484
2
1 14418
2
2
2
1 27921
1 29188
1 11116
2
2
3 7 27700
3 13 27303
3 8 23428
1 7374
3 3 16994
1 28544
1 26819
3 12 10592
2
1 15147
1 29575
1 17413
2
2
2
2
3 4 22473
3 16 5439
3 16 22108
2
3 8 1036
1 2238
2
3 13 10653
3 14 24547
3 6 6778
2
1 31175
3 14 17015
1 1930
1 20101
2
3 14 15799
3 10 11282
3 13 6547
3 7 4841
2
3 14 32153
2
1 11450
1 7054
3 13 7411
3 3 17976
1 3006
3 12 8730
1 30286
2
1 5031
2
3 10 3618
3 16 9858
2
1 5733
3 3 29820
2
3 5 15709
3 1 4311
1 21470
2
2
2
3 8 22364
1 3606
3 3 28637
1 4307
1 18301
2
2
3 8 2188
3 5 27319
1 16263
2
2
1 26152
1 21569
1 9227
1 1722
1 14486
1 1342
1 19193
2
1 25746
2
2
2
1 5698
3 6 19351
3 10 21702
1 29981
3 9 18750
3 16 14281
1 21125
2
1 10392
2
1 12333
1 5049
2
2
1 27118
3 13 17421
2
3 16 10060
2
1 145
1 8400
3 17 1261
2
2
1 15621
1 24490
2
2
3 5 4429
2
2
2
2
3 9 14151
3 11 23501
1 30404
1 22820
1 24576
3 14 5735
2
3 6 24766
2
2
2
1 27095
1 29211
2
1 23185
3 4 30576
2
2
3 4 11514
3 11 20924
2
3 12 2299
3 8 5473
2
2
2
3 4 23406
2
2
2
2
2
2
2
3 3 22174
1 10582
3 1 13862
2
1 22006
3 2 2634
1 13674
1 18468
1 174
1 32212
2
3 6 28222
3 2 21400
2
2
2
1 14381
2
2
1 29128
2
3 3 21556
3 1 9326
2
3 2 32730
3 1 18412
1 19997
3 3 32475
1 16089
3 4 7630
2
1 16078
1 27246
1 13152
2
2
3 1 3262
1 32494
3 5 31581
1 10621
3 5 2646
3 3 5924
1 23654
2
2
2
3 2 6921
2
2
3 1 31495
1 23191
2
3 2 4898
1 23732
2
3 1 3399
1 10461
2
3 1 8712
1 6130
2
1 26374
3 2 23976
2
3 2 7082
3 1 20881
3 2 5877
1 25957
3 2 2364
3 3 9312
3 1 16773
2
3 2 11364
1 16369
3 2 22907
2
1 23407
1 27399
2
1 22126
1 2586
3 3 27015
2
1 10254
2
1 32182
1 19281
1 31570
3 7 5583
2
2
1 11672
2
2
2
2
1 31944
1 26268
3 3 27466
2
2
3 2 16176
3 1 17528
1 21119
2
3 2 11879
1 3448
3 3 23142
2
3 2 24257
1 21749
1 16114
1 7863
3 4 5996
3 3 20684
3 5 466
3 3 10487
3 5 30784
1 20186
2
2
3 4 22898
1 17830
1 30843
1 6546
1 30254
2
3 6 31701
2
2
2
1 17043
1 32491
2
2
1 17232
2
3 4 16945
3 1 14745
3 2 13586
3 3 25981
2
3 1 20556
2
3 2 25038
1 9485
3 2 25002
1 2538
3 1 18743
1 24586
1 7577
1 16265
3 3 6880
2
3 5 19620
1 20740
3 7 30547
2
2
3 3 4406
2
1 19377
1 30174
2
1 17629
3 2 1416
2
1 4151
3 2 18823
1 15941
1 16037
3 2 29121
1 7249
3 3 32109
3 5 18000
3 4 111
2
2
2
1 31228
3 7 8316
2
1 21815
1 13160
2
1 30128
3 8 19895
1 32284
1 587
1 8668
2
1 25288
3 8 25698
2
3 9 2014
3 6 11815
1 31981
3 9 15296
1 22288
3 4 27578
2
3 4 7416
3 7 6148
3 6 14655
3 1 31673
2
1 18373
1 20444
3 8 11548
2
2
3 2 9689
2
2
2
1 15819
2
1 4356
1 25436
3 7 27173
2
1 14017
1 29856
3 3 3850
3 10 15495
3 6 11756
1 15080
1 77
1 11787
1 7397
2
3 6 29558
1 3538
2
1 3783
1 13113
2
1 12954
3 6 17665
2
3 13 24576
1 21413
2
1 5151
2
2
2
2
1 7140
1 6594
1 579
3 10 11540
3 2 2621
2
3 1 19995
3 6 15396
1 18142
3 12 18747
3 2 4315
1 18999
1 25079
2
1 15567
2
3 12 21011
3 9 29560
2
3 12 25768
2
2
1 27596
2
1 27402
3 2 31866
3 13 4671
2
3 11 18137
2
2
2
2
3 7 2392
2
3 7 10477
3 5 6099
2
2
1 9724
3 2 19784
1 14429
1 13
2
2
2
2
3 4 28738
1 19432
3 4 1631
2
1 31832
2
2
2
3 1 25042
1 5404
1 18604
3 3 23769
2
3 2 20364
2
1 6851
3 2 18523
2
1 25997
1 29488
2
3 3 21661
3 2 9000
3 3 2088
2
3 1 28688
1 5351
3 1 20777
1 25154
3 1 30446
1 3712
3 3 15138
1 14699
3 3 32449
3 1 13200
3 4 29779
3 6 438
1 28703
3 6 31301
2
1 25184
2
2
3 3 11156
1 6357
3 6 28368
1 5144
2
1 13996
1 21495
1 2285
2
2
2
1 540
2
1 1429
1 5451
1 28714
3 4 4719
3 6 19484
3 3 32294
1 7990
2
2
3 6 28766
3 2 30292
3 2 27454
1 20424
2
3 5 31239
1 13410
1 28637
2
1 630
1 14137
1 8437
1 23817
3 11 901
2
1 17028
3 12 16664
2
2
1 12479
1 9740
2
1 26686
2
2
2
1 18513
2
3 1 7472
1 4727
1 16216
3 11 11082
2
1 577
1 31665
2
1 21984
2
3 2 10730
3 4 23139
2
2
3 4 16750
2
2
3 6 19416
3 1 5903
3 1 26724
2
2
3 6 31170
3 6 13122
2
3 5 4829
1 32284
2
3 4 14327
2
1 7513
2
2
2
1 23823
2
1 24778
1 10500
2
3 2 22665
1 14187
2
2
1 28644
2
3 1 32055
3 2 5799
1 26266
1 16497
2
1 13059
2
3 3 16462
1 5867
1 28504
2
2
3 1 11812
3 3 436
2
3 1 31703
1 3561
2
3 1 13575
1 8797
1 7489
3 1 24497
2
1 14355
3 3 5208
2
3 2 21626
1 19532
2
2
1 16619
3 1 27536
2
1 8980
3 1 14287
1 26755
3 1 25296
2
3 3 26476
2
3 1 15584
3 2 21215
1 20074
1 23232
1 27721
2
3 3 31986
2
1 16899
3 1 15211
3 3 12955
2
1 19580
2
3 1 30208
1 15675
3 4 31855
2
2
3 1 17761
3 1 5151
3 2 7822
1 1005
3 1 3021
1 10448
3 2 15329
2
2
3 2 24544
1 10096
1 26449
1 20545
1 32103
1 3202
3 6 27072
3 3 17165
1 8500
2
3 4 27975
3 2 19145
2
3 2 16561
1 22146
1 14612
1 27894
3 1 845
1 16601
3 9 18592
2
2
3 2 28856
1 7556
2
2
3 4 18795
1 23109
1 13495
1 15393
1 10228
3 4 25395
1 14492
1 11937
3 3 7846
3 10 1647
3 13 16780
1 15637
3 1 30878
2
3 2 22213
1 16043
1 4635
1 20160
1 24160
1 3539
1 27819
3 8 22568
2
1 25655
2
2
1 25755
3 2 5582
3 13 24892
3 5 30590
2
1 32668
2
1 27066
2
1 1460
3 6 11402
1 21295
3 18 13912
3 15 17754
1 25487
1 11802
3 20 3589
1 15
3 11 18264
2
2
3 1 2627
3 20 14395
1 10969
1 8523
2
2
2
1 11648
1 23365
1 22408
2
3 17 15547
2
3 20 8671
2
3 6 20229
3 4 8912
1 1537
2
3 15 1408
3 12 25564
2
2
2
1 12172
2
1 30273
3 6 13977
3 7 20299
3 15 5525
2
1 22683
1 14314
1 9127
3 15 30232
3 4 27727
2
2
2
1 7983
3 3 15635
3 10 9818
2
2
1 6221
3 8 17813
2
1 22796
3 11 29084
1 16323
2
3 2 18529
1 8086
1 2641
1 558
3 17 3950
3 14 6635
1 30957
2
3 2 7547
2
2
2
1 18095
1 8709
3 8 23685
3 12 4341
2
3 10 19696
3 3 13397
1 11333
1 30179
2
1 7796
2
3 8 31208
1 9868
3 11 14658
3 15 7254
2
2
3 12 7720
2
2
1 23103
2
1 3061
2
1 6375
1 26687
1 11712
1 5222
2
3 18 27860
3 17 32238
3 13 17231
1 10478
2
2
2
3 2 792
2
1 14241
1 12518
2
3 2 8848
2
1 21423
2
2
3 7 10261
2
1 20283
2
2
2
1 22092
2
1 11399
1 7150
3 13 868
3 9 22565
1 9748
2
1 5200
3 8 24576
2
1 28727
3 14 29078
2
3 2 28482
2
2
2
2
1 26037
2
2
2
3 5 1655
2
2
3 2 14695
3 1 23942
2
2
1 13888
1 29303
1 3027
2
1 18881
3 2 1787
1 14782
3 2 29421
1 13971
1 7498
1 23396
2
3 4 30890
3 2 19060
2
2
2
1 8439
1 11175
1 10304
2
3 2 16168
3 6 29623
1 29317
2
1 10254
1 26094
1 30464
1 9919
2
1 28611
3 1 25253
1 22137
2
2
2
2
3 8 12335
1 4607
1 10898
2
2
2
1 10076
3 6 9521
3 6 32032
1 20739
1 8366
1 10332
3 11 6339
2
3 5 10632
2
2
1 5739
3 1 12672
2
2
2
2
1 23057
2
3 4 12895
2
1 13080
3 2 12096
3 1 29742
2
2
1 15713
3 3 31370
3 3 12549
2
1 5162
3 4 15403
2
1 27129
2
3 3 20605
1 16016
1 28596
2
2
1 2865
2
1 15301
3 5 2631
2
1 2773
3 1 29548
1 32689
2
1 31301
3 4 13757
1 10
1 27667
3 8 9159
2
1 28169
3 4 30660
2
2
1 17353
1 21412
1 18615
1 6767
2
1 13055
1 2410
3 11 7509
3 1 1046
1 15434
3 4 26228
1 19903
2
3 5 30332
1 13874
1 31567
3 7 14326
2
3 1 4203
3 4 10999
3 4 29332
3 7 25282
1 10253
1 30542
1 6073
3 14 25530
3 8 7131
1 6693
3 10 8358
2
1 2155
3 15 20293
1 8332
3 5 989
3 1 28350
2
2
2
1 6213
3 15 10266
3 13 8425
1 10091
2
1 4285
2
1 4706
2
2
2
3 4 28191
3 6 25474
2
2
3 4 29286
1 6677
2
3 8 29999
2
1 18323
1 10879
3 12 6764
3 6 87
1 2851
2
2
3 5 17695
2
3 8 12368
3 1 15205
2
3 7 9866
1 16793
2
1 21892
1 22333
2
2
2
1 17458
1 4234
2
1 24006
1 32511
1 19738
2
2
2
3 5 16080
2
2
3 5 1339
3 7 25191
3 8 4309
1 14128
1 28837
2
3 2 31960
1 5200
1 27076
1 12204
3 11 16037
1 29396
1 22319
3 1 15035
3 13 18705
3 7 7384
1 7745
2
2
2
3 10 3621
3 7 27573
2
3 9 28068
3 7 8167
1 20717
2
3 3 1404
3 10 5220
1 15144
2
1 353
1 30399
2
3 1 23693
2
1 24798
1 5259
1 25918
3 10 21928
3 7 32264
2
3 1 20440
3 10 31154
3 5 2525
3 3 22264
3 11 20443
2
2
1 26393
2
2
1 30757
2
3 6 12541
2
1 17937
3 8 4934
3 7 3055
3 6 16682
1 952
1 17698
2
2
2
3 4 9797
1 9858
1 2625
3 2 9120
1 11516
3 12 6610
1 11074
1 27407
3 13 18802
1 7626
3 7 11074
1 23279
3 7 24501
2
3 4 29527
1 31367
1 20158
3 10 27947
2
2
1 25433
2
1 27073
3 11 14174
3 8 15366
2
1 14082
1 18213
3 2 13707
3 15 1186
2
2
2
3 5 1626
1 31673
2
2
1 30483
3 7 24939
1 7481
2
1 20128
3 15 2213
2
2
3 11 5870
3 9 22565
3 6 24207
2
2
2
3 6 16842
3 7 21576
3 4 18681
2
3 6 24964
3 4 6246
1 31803
2
1 29162
2
2
1 4418
2
3 7 9844
1 26549
1 888
3 9 7877
2
3 2 15609
2
1 20112
2
3 1 13232
3 2 3233
3 8 10762
2
1 23626
1 23116
2
3 3 32738
3 3 30609
2
3 2 5561
3 2 16801
2
1 4655
1 21605
3 8 30726
3 8 11970
3 3 18101
1 15865
3 2 11169
2
3 3 23624
3 6 19906
1 22849
1 26970
3 2 11388
3 9 13185
3 9 18806
1 26821
1 32137
3 5 18520
2
1 4079
3 5 32015
1 6413
1 20645
1 9921
3 9 2654
1 31951
2
3 14 7946
2
1 3403
3 4 1594
2
2
1 6847
3 5 12268
3 2 3266
2
3 10 16319
1 4451
1 30551
1 26696
2
1 1247
1 23870
3 8 21697
3 12 4716
3 13 3027
2
2
1 22400
1 14038
2
1 19675
3 7 4773
3 3 26108
1 4505
1 11547
1 17423
3 9 406
3 20 453
3 20 22333
3 10 24542
2
3 15 18952
1 25511
1 10223
1 14893
2
2
1 21129
3 5 3891
1 14299
3 16 28067
3 16 29134
1 2080
3 19 5348
1 31832
1 4878
2
3 5 3839
3 10 17795
3 20 17115
2
1 26721
1 5571
2
1 8971
3 16 22036
2
1 26830
2
2
2
3 14 8574
1 16141
2
1 7807
1 18312
1 21471
1 5214
3 2 21320
3 7 29552
2
3 22 31560
3 17 30793
3 16 4485
1 1075
2
1 6074
2
3 8 28376
1 16079
3 10 28173
3 25 25087
2
3 25 19257
3 4 30780
2
2
1 30914
3 17 1957
3 19 17791
2
3 10 26103
3 9 5047
3 23 14765
1 29653
3 21 29246
3 1 30728
3 17 9585
2
1 18533
3 24 1444
1 2850
1 10999
3 7 2762
1 13975
1 21433
3 3 9514
1 8039
2
3 14 11986
2
2
2
1 8948
3 3 24779
2
2
3 3 22658
3 5 15532
1 16766
1 4349
1 12802
2
1 10824
1 24404
2
2
2
2
1 31471
1 2475
1 3301
1 3020
3 9 26033
2
3 10 23430
2
1 29763
3 10 28573
3 22 24348
2
1 4942
2
2
3 13 14817
2
3 17 13476
1 18906
3 4 19983
1 18221
2
1 6919
3 6 20494
1 8209
1 25946
3 2 31312
3 8 2097
2
3 3 476
2
3 6 15858
2
2
2
1 6006
3 21 10623
3 7 7827
3 21 32139
1 6983
2
1 20064
1 6460
1 807
1 23723
1 28460
3 10 3722
2
2
1 31624
3 21 29793
2
2
1 4214
1 23047
2
2
3 5 5798
3 24 29068
3 9 13484
3 5 13860
3 15 11732
2
1 31376
2
2
2
1 10019
2
3 15 23880
3 12 3881
1 2735
3 24 16726
2
3 7 31898
1 9706
2
3 1 25329
1 22279
2
3 17 19904
3 13 1919
3 16 18849
3 21 1642
1 21442
1 14604
2
1 3710
3 13 1135
2
3 17 30989
2
3 9 29089
3 22 30767
2
3 7 50
3 7 26580
1 25025
2
3 21 4505
1 28446
1 5638
1 16798
2
3 21 15028
2
2
1 27407
2
1 29475
1 23555
2
1 12826
2
2
3 22 26222
2
3 9 23162
3 4 6382
3 14 12504
1 31724
2
1 9132
2
3 13 11769
2
2
3 14 31059
1 22400
3 4 12981
3 3 26434
2
1 28447
3 5 13030
3 15 27866
1 30130
3 21 12231
3 18 13972
1 2067
3 8 20286
2
3 1 2537
3 11 1009
1 20477
1 32256
3 11 8497
3 14 15334
3 20 26356
1 3099
1 4060
3 18 7647
3 2 25845
2
2
3 6 4661
3 22 25305
3 2 9702
3 2 25855
2
2
2
1 20765
1 4750
2
1 25638
3 17 31265
2
1 19104
2
1 27528
2
1 4413
3 1 15692
3 8 22566
1 8785
3 22 15852
3 14 13077
2
3 10 23058
2
2
1 9719
3 21 14931
1 10451
3 22 17248
2
3 12 14032
3 21 8977
3 13 29325
3 12 24638
3 11 5420
1 27985
2
2
1 27179
1 28493
1 20864
2
1 27391
2
2
2
2
3 13 14555
2
1 28976
2
3 7 20240
1 19237
3 9 19806
3 2 5739
2
3 5 5915
2
1 10944
3 7 3586
2
3 14 9339
1 8623
1 27938
1 14459
2
1 6471
1 23453
3 3 27372
1 241
2
3 4 12806
1 27400
3 19 7418
1 6510
3 15 30137
1 13974
3 19 17023
1 10202
2
3 24 20885
1 29965
3 20 10273
2
1 13762
3 13 2348
2
1 3152
1 15638
3 24 2226
2
2
1 20018
3 21 104
1 23332
2
1 10517
3 18 2435
1 6208
2
3 9 13416
1 19708
3 17 13109
3 27 17404
3 15 27503
1 6067
1 9559
3 28 9366
2
1 315
3 13 20123
2
1 10026
1 7552
2
1 25638
2
1 10761
2
1 14094
2
3 27 28976
3 17 26532
3 5 30591
2
1 31941
2
2
3 25 19748
2
3 2 16597
2
2
1 11492
3 13 5330
1 3333
3 14 7623
3 22 23897
3 12 9067
2
3 11 30814
3 6 21998
1 10250
2
1 21149
3 3 345
3 19 6794
1 418
1 51
3 6 16058
1 26860
3 3 5118
1 10960
2
3 21 32330
1 26997
3 25 6700
1 7459
3 10 23863
1 6370
1 23809
2
3 29 2633
1 15204
2
2
1 8241
3 17 31912
2
3 28 7307
3 26 21340
2
2
1 6065
3 25 22260
1 4590
2
2
2
1 20619
1 27547
2
3 28 3082
3 9 29771
3 11 7383
2
1 14170
3 19 52
2
2
2
1 19671
2
1 30885
1 18499
3 25 27414
1 27650
2
2
3 11 1716
3 11 25041
1 23588
2
1 25457
2
3 22 21093
2
1 2680
1 18333
2
3 10 19839
2
1 7251
2
2
2
1 17212
2
2
3 18 6825
3 12 4829
3 20 15298
2
1 27679
1 16882
3 16 18357
3 18 21305
1 19033
1 23078
3 9 12226
1 29457
2
2
1 1112
3 4 19679
2
2
3 24 24056
2
3 22 25715
3 6 28131
2
3 1 15491
3 20 5888
1 1592
2
3 21 32104
3 20 3564
2
2
2
3 3 14642
1 5105
1 24971
1 1658
1 11280
3 19 22912
3 14 1610
2
2
1 30570
2
2
2
1 30980
2
2
1 4547
1 22736
2
1 7260
3 7 31663
2
2
2
1 6586
2
2
2
2
1 12820
3 1 28909
3 7 4593
2
2
1 4742
1 15970
2
1 6477
2
2
3 9 11847
1 32346
3 3 27083
1 13854
1 13956
3 15 30060
2
2
1 14883
1 1632
1 7017
3 15 12511
1 17975
1 1861
2
2
1 10988
1 7126
3 1 5384
3 5 31947
2
1 1008
3 6 11539
3 11 14880
1 1830
2
2
3 11 17460
1 15320
3 9 17063
1 7996
1 31810
1 3577
1 17548
3 5 27057
3 22 16015
3 8 32216
2
3 4 26034
2
1 32659
3 16 22550
1 30963
3 21 1104
3 4 372
1 23982
2
1 2803
2
3 22 1013
3 11 20934
3 9 1680
1 12161
3 18 10173
2
2
2
3 5 21104
3 7 8801
3 14 28291
3 3 21159
2
2
3 9 4298
3 19 15096
2
1 32068
3 13 12534
3 10 14508
2
1 31888
3 9 16695
3 11 15459
2
1 5882
2
2
1 31579
1 27603
3 19 8213
1 26448
1 12528
1 16073
3 21 30798
2
1 16645
3 1 6045
2
3 12 17600
3 2 7027
1 29736
1 20132
1 195
3 1 2217
2
2
2
3 20 32572
3 19 17807
1 4611
1 32754
1 17530
1 23496
3 24 22239
3 12 28884
1 5709
2
2
1 16387
2
3 15 7938
1 31924
1 6343
3 10 17198
1 5045
2
1 17830
2
2
3 7 25177
1 6032
2
2
3 3 24211
2
2
2
2
3 8 28303
3 9 18510
1 32672
3 16 13562
2
2
3 6 9384
3 4 8127
2
1 5565
1 3692
3 6 5120
1 26070
2
3 13 5661
3 16 18685
3 6 24796
2
2
3 12 13604
3 10 13097
2
3 9 11744
3 1 9931
1 2327
3 16 12117
3 16 13708
2
1 22854
2
2
3 2 28092
2
3 12 8477
1 29280
3 7 20612
1 3901
2
2
1 17334
2
1 227
2
2
3 5 26350
1 7810
3 5 493
1 9797
3 16 2712
1 11936
2
2
1 19842
1 26535
2
1 26802
2
2
1 2660
3 7 13304
3 13 4504
1 25847
2
1 10635
2
1 28218
3 16 7820
1 17644
1 25935
3 17 15039
1 11359
3 8 19892
2
1 29568
2
3 13 17045
1 32509
3 18 22387
3 4 11348
3 18 20171
1 29551
1 19995
2
1 23205
1 3475
1 15329
3 23 28923
1 28101
3 10 20055
2
3 11 6835
2
3 20 31648
2
3 15 29678
1 2398
2
3 3 8184
3 13 3848
1 21332
2
3 19 14512
1 6985
2
1 13812
2
2
1 26306
2
2
3 18 22251
1 6512
1 17165
3 9 12941
3 2 8788
3 10 28547
1 16103
1 9264
1 29485
1 14189
3 7 22116
3 25 22835
2
2
2
1 20803
2
2
2
1 5138
1 7913
3 16 27997
3 16 19246
2
3 11 32093
3 4 19710
1 8023
2
2
1 26873
3 10 27977
3 9 14819
2
1 1132
3 4 18282
3 8 15608
2
3 17 6066
1 27686
3 22 19184
1 18176
2
3 10 7636
3 22 19800
2
3 15 32326
2
3 5 10077
2
1 3405
3 3 8512
2
3 12 27989
2
1 31096
2
1 775
3 18 22952
1 646
3 15 32541
1 23457
2
1 13215
3 18 361
1 13967
2
2
3 7 24508
1 14367
3 5 18399
1 6075
1 23684
1 12435
2
2
1 21176
1 14179
2
3 8 24519
1 12755
1 26009
3 10 23767
2
3 13 30499
1 11079
1 31981
2
3 14 10409
1 28803
1 14787
1 24809
2
3 26 32381
2
1 26863
1 22127
3 12 16867
3 26 30471
1 32481
2
3 15 17357
2
1 12506
1 9661
1 20445
3 16 1766
1 21011
2
1 26496
1 24156
3 6 10328
3 2 29613
3 28 18389
1 5877
1 10196
2
3 12 12643
2
2
2
1 20689
2
3 29 22695
1 32161
2
3 15 6044
2
1 20566
3 29 9478
3 12 3943
3 23 24158
3 1 27706
2
3 10 30035
2
2
3 2 12290
2
1 21881
1 11815
3 20 30618
2
3 24 19613
2
2
2
2
1 983
3 3 8076
1 22148
3 20 17257
3 15 4066
1 11383
1 18884
2
3 15 32108
2
2
1 4262
2
2
3 4 1537
3 15 3321
1 19128
1 808
1 9189
2
2
1 29572
2
2
1 6242
1 15924
3 10 6499
1 5413
2
2
3 16 20636
1 21851
1 17521
3 20 2570
3 18 20473
3 15 19194
3 4 15025
1 10490
2
3 20 18501
3 10 32456
3 2 27994
1 21247
3 21 31688
3 9 31346
3 17 4427
2
2
1 28352
2
3 19 29726
1 16232
2
2
3 13 13181
1 24936
2
3 15 10355
3 15 27599
1 28639
1 714
2
1 30811
3 19 14299
3 22 30058
2
2
3 23 17667
2
1 12461
1 32615
1 10415
1 17851
2
3 12 14850
2
2
2
2
1 8117
2
1 21800
1 14970
3 1 18939
3 12 12083
1 1507
1 22649
1 29158
3 9 18033
3 2 1034
1 15809
1 15579
1 6793
1 11802
1 17012
2
1 10150
2
2
1 25356
1 23673
3 16 17840
1 26334
3 22 15210
2
3 8 8362
2
3 12 31214
2
0
